183 50
204 54
15 26
228 373
270 9
182 9
124 404
136 307
136 8
307 8
478 119
309 427
179 158
267 120
136 188
451 372
427 2
32 231
132 224
146 32
146 182
146 236
32 182
32 236
182 236
136 8
182 9
134 38
386 363
309 427
206 38
359 2
357 214
188 476
409 8
9 2
357 236
309 427
87 201
259 359
312 36
307 1
7 9
136 8
8 2
152 134
40 459
267 120
430 417
365 2
136 8
307 136
32 359
427 2
193 138
193 2
138 2
407 103
352 431
32 359
136 8
216 21
443 9
333 9
333 62
9 62
307 136
307 8
136 8
214 2
146 21
146 236
21 236
146 2
476 357
136 307
136 8
307 8
310 47
239 282
208 158
94 441
12 410
432 240
337 300
140 74
366 420
79 157
179 29
179 347
29 347
179 16
179 46
16 46
400 27
111 492
6 15
53 350
15 64
463 100
15 64
128 19
54 149
217 91
330 378
175 325
112 149
112 149
80 239
158 208
158 208
165 171
202 173
202 105
173 105
80 266
476 192
41 59
15 55
34 108
395 18
310 47
495 367
29 46
29 167
46 167
150 212
28 373
202 430
73 30
7 73
204 162
208 158
208 158
490 78
204 18
92 171
92 41
171 41
135 25
135 25
239 80
165 189
20 46
60 248
248 60
248 381
248 70
60 381
60 70
381 70
29 248
7 109
7 17
109 17
378 228
318 390
55 386
239 461
435 61
425 390
73 10
211 99
425 390
25 320
34 177
83 173
83 15
173 15
105 64
78 479
447 291
294 73
6 229
425 34
425 124
34 124
229 6
124 34
326 473
326 210
473 210
197 140
51 109
304 79
225 438
280 88
201 257
96 303
293 103
241 268
322 387
163 9
306 97
306 485
97 485
10 373
288 317
14 368
17 22
86 142
478 123
150 65
425 34
425 124
34 124
4 76
459 10
459 10
77 0
203 141
395 363
32 417
32 0
417 0
464 198
56 101
109 4
41 175
10 4
299 452
135 87
163 62
355 127
298 193
216 21
116 214
166 289
193 8
193 0
8 0
32 359
32 193
359 193
134 38
134 138
38 138
352 431
187 130
472 152
163 38
193 163
136 9
159 0
32 333
32 0
333 0
214 2
309 427
305 35
134 193
451 372
314 62
298 193
32 359
298 103
365 2
446 1
152 33
216 21
32 359
32 193
359 193
270 365
32 136
163 38
182 9
182 137
182 0
9 137
9 0
137 0
298 38
396 270
32 216
298 38
305 0
187 130
187 130
187 63
130 63
193 32
193 0
32 0
163 414
163 214
414 214
245 103
355 127
298 38
298 357
38 357
32 359
314 62
187 130
148 36
63 259
357 211
307 32
307 1
32 1
62 244
62 9
244 9
1 446
9 0
446 1
396 9
187 130
187 63
130 63
357 146
357 236
146 236
62 314
62 244
314 244
159 394
159 0
394 0
187 289
189 345
95 421
241 270
280 88
228 373
88 371
311 250
264 46
39 297
39 300
297 300
19 102
170 193
348 6
482 122
129 13
129 399
299 406
280 88
327 47
208 158
487 31
273 18
208 158
169 147
131 454
129 308
243 274
243 318
274 318
208 158
202 6
313 113
452 140
56 44
464 24
4 92
89 97
123 302
386 3
247 287
302 11
454 11
462 97
207 11
39 58
111 192
373 378
23 28
62 314
62 0
314 0
298 38
298 137
38 137
264 20
241 475
179 46
127 375
231 2
127 46
394 46
264 20
264 154
20 154
180 271
180 20
271 20
20 154
439 2
9 2
146 236
134 38
134 36
38 36
282 70
347 179
347 29
179 29
46 8
46 234
8 234
20 154
298 487
130 36
115 485
179 46
179 20
46 20
257 227
389 1
83 201
179 46
179 20
179 29
179 407
46 20
46 29
46 407
20 29
20 407
29 407
241 270
32 193
35 9
35 8
9 8
81 62
81 314
81 9
62 314
62 9
314 9
241 147
241 34
147 34
241 147
70 46
221 87
264 20
264 154
20 154
179 46
396 312
79 204
88 70
8 241
109 33
26 453
25 217
86 390
390 229
92 152
335 117
456 29
79 429
15 55
94 459
111 206
111 38
206 38
86 142
304 8
365 2
123 333
377 32
377 24
32 24
39 400
352 431
179 46
347 29
347 179
29 179
239 343
300 6
352 372
352 431
372 431
149 347
149 179
149 191
347 179
347 191
179 191
125 395
162 309
162 427
309 427
250 15
62 265
407 259
392 190
392 278
190 278
223 20
347 167
347 29
167 29
73 270
73 396
270 396
53 18
452 87
416 365
88 371
26 356
102 55
57 265
79 429
19 429
352 431
195 20
177 40
447 147
50 250
425 294
32 359
32 126
359 126
355 127
203 124
17 92
15 356
195 20
403 106
85 171
85 183
171 183
378 333
385 20
171 390
40 386
218 19
136 8
125 4
10 71
169 383
39 27
264 46
352 159
123 131
280 88
352 431
69 405
69 9
405 9
432 165
234 83
10 71
406 214
68 15
40 384
55 10
55 190
10 190
136 159
214 322
365 2
394 0
50 8
393 55
281 105
190 55
218 29
234 17
147 231
81 26
476 311
320 349
241 147
62 265
62 9
62 265
9 265
195 20
108 351
147 403
159 20
405 417
298 101
298 193
101 193
38 163
86 8
459 372
281 105
42 10
269 201
276 88
58 28
241 52
443 9
223 9
150 111
195 20
63 0
416 365
416 2
365 2
39 400
187 38
269 201
159 32
39 400
125 395
74 454
364 15
392 322
17 239
171 225
75 132
195 20
94 149
108 83
15 26
10 490
294 199
489 409
209 28
7 19
62 314
62 244
314 244
179 304
146 236
146 236
182 9
207 409
179 16
179 46
16 46
314 62
385 168
179 456
29 475
120 282
443 9
307 136
347 191
347 29
191 29
241 8
264 234
42 348
173 204
4 125
191 347
96 303
347 29
106 286
252 66
56 115
47 211
344 157
385 168
373 28
351 430
229 6
15 168
347 191
347 179
191 179
9 227
347 179
347 29
179 29
179 46
9 227
343 407
204 125
47 16
29 72
179 70
179 248
70 248
179 46
322 387
158 43
111 286
347 179
347 191
179 191
125 145
64 245
473 210
473 210
326 473
326 210
473 210
473 210
326 473
326 210
473 210
326 210
151 73
241 8
10 214
386 20
159 241
241 8
241 34
280 88
42 222
186 169
207 11
18 239
183 93
150 85
150 452
85 452
363 97
476 106
347 55
347 29
55 29
23 39
107 338
273 128
404 50
378 404
23 404
68 100
179 346
179 46
179 282
346 46
346 282
46 282
6 296
279 104
486 199
100 33
157 221
10 308
328 10
328 211
10 211
157 221
157 221
73 186
73 30
309 427
91 229
386 28
202 190
74 153
223 393
33 104
27 39
212 297
13 129
209 490
165 23
476 192
338 26
338 53
26 53
278 104
278 200
104 200
337 6
6 4
178 59
42 337
74 223
406 291
266 193
293 489
148 36
148 36
61 435
152 300
348 56
435 61
419 61
152 490
490 78
281 91
490 78
490 78
495 415
273 83
273 420
83 420
476 192
200 76
42 190
28 338
196 479
4 254
338 106
124 230
326 473
326 210
473 210
473 210
473 210
326 473
326 210
473 210
24 228
24 71
24 108
228 71
228 108
71 108
228 91
40 121
17 399
492 3
497 47
40 351
33 230
13 129
13 47
129 47
47 310
129 308
78 230
65 150
18 113
78 230
17 245
129 13
40 351
495 119
162 10
218 26
202 190
105 79
18 27
19 29
57 303
57 265
303 265
192 392
57 265
182 146
418 348
39 14
139 277
237 383
59 176
241 8
182 146
439 416
439 2
416 2
146 236
75 132
32 359
32 0
359 0
373 307
373 32
307 32
187 130
62 314
38 138
62 314
62 244
314 244
305 35
38 137
187 396
187 38
396 38
174 159
106 257
241 8
104 54
65 434
394 0
146 182
146 236
182 236
10 214
159 0
32 216
32 21
32 0
216 21
216 0
21 0
166 112
211 198
131 454
204 331
267 120
286 70
223 20
320 24
80 404
122 196
57 0
255 368
274 318
50 249
212 5
454 281
454 11
281 11
14 368
133 332
286 189
80 404
133 279
131 3
131 279
3 279
462 332
247 3
435 279
435 3
279 3
123 302
489 468
129 203
47 230
464 24
464 198
24 198
404 12
108 69
122 196
393 147
393 28
347 29
335 434
8 28
81 393
161 287
10 307
10 299
307 299
254 438
273 196
250 371
304 108
135 444
230 90
169 120
65 141
255 368
47 13
277 133
185 90
185 230
90 230
251 474
112 115
24 15
278 162
18 399
326 210
39 399
280 88
87 184
198 404
38 134
302 11
309 427
232 74
158 208
18 485
54 395
40 430
347 167
304 29
46 179
6 73
179 167
179 16
167 16
56 40
414 165
280 88
151 280
151 88
280 88
381 248
381 70
248 70
229 93
136 70
280 88
70 286
201 227
29 347
100 16
152 490
22 160
390 229
198 464
324 353
89 97
28 295
28 378
28 131
295 378
295 131
378 131
459 213
67 397
194 89
19 50
306 44
133 279
319 89
462 97
11 164
413 226
413 408
413 261
226 408
226 261
408 261
319 246
361 3
194 89
294 11
29 16
270 365
62 314
62 9
314 9
473 210
280 88
351 125
120 378
13 47
129 308
204 120
87 391
51 403
237 263
211 102
42 480
197 415
232 55
294 28
41 40
79 364
128 115
6 17
33 74
234 46
182 9
136 8
250 282
478 282
234 264
20 46
406 485
88 70
12 126
12 145
126 145
264 234
346 282
145 8
248 70
248 381
70 381
346 282
347 191
264 234
346 282
347 179
347 167
179 167
346 282
115 405
68 337
112 41
7 56
56 64
56 489
56 28
64 489
64 28
489 28
53 64
78 403
64 28
64 489
64 56
28 489
28 56
489 56
7 56
38 366
80 113
27 412
300 6
7 329
381 70
247 44
111 351
435 61
41 11
6 13
65 246
310 47
113 18
123 302
302 11
113 18
310 47
51 88
129 13
462 97
123 3
123 11
3 11
47 310
202 113
280 88
267 120
62 314
62 244
314 244
307 1
167 20
439 32
439 416
439 365
439 2
32 416
32 365
32 2
416 365
416 2
365 2
270 9
270 365
226 44
454 11
326 473
326 210
473 210
45 49
233 242
233 242
43 284
349 47
4 249
387 359
286 70
355 127
110 134
126 8
259 37
466 474
466 110
474 110
193 2
9 8
466 474
466 110
474 110
451 389
365 2
309 38
309 21
309 138
38 21
38 138
21 138
298 38
298 38
146 163
146 236
163 236
62 314
451 116
136 307
136 8
307 8
289 216
270 365
110 134
427 2
110 134
116 35
8 2
487 9
407 103
490 78
66 152
217 418
384 16
264 169
26 40
19 40
13 47
190 429
273 420
171 6
99 364
17 173
263 11
387 152
455 78
439 416
439 2
416 2
6 206
264 20
62 244
62 9
244 9
451 359
394 333
39 42
39 451
42 451
126 193
180 271
182 146
357 134
6 8
182 9
182 137
182 0
9 137
9 0
137 0
216 289
193 2
439 32
439 126
439 21
32 126
32 21
126 21
163 2
9 8
241 270
241 270
309 427
309 138
427 138
62 314
62 9
314 9
206 193
28 357
96 244
146 236
95 2
352 431
284 176
70 248
339 109
150 25
209 106
39 81
104 320
353 117
353 324
117 324
60 285
107 411
87 181
435 27
435 61
27 61
291 447
92 152
363 24
192 50
403 87
403 23
87 23
91 4
92 150
221 291
54 56
479 232
479 425
232 425
208 467
338 95
228 105
22 85
220 0
114 84
132 374
166 110
73 83
190 40
53 393
273 420
281 420
19 199
19 121
199 121
44 260
179 70
179 248
70 248
6 418
237 56
69 225
454 302
454 11
302 11
415 462
415 97
462 97
297 194
252 73
109 66
68 44
233 242
223 393
309 427
69 51
62 314
62 357
62 244
314 357
314 244
357 244
165 15
280 88
462 89
357 37
187 130
439 417
64 146
64 236
146 236
146 236
383 162
9 57
9 62
9 265
57 62
57 265
62 265
193 32
233 242
300 4
96 303
298 38
233 242
261 164
216 231
452 283
75 132
306 468
97 408
479 161
233 242
128 67
105 135
233 242
233 242
233 242
62 244
62 314
244 314
57 35
365 2
62 244
97 408
19 137
62 314
343 62
343 314
62 314
45 49
38 138
473 210
38 138
178 222
178 197
222 197
32 394
62 314
62 244
314 244
35 63
38 134
233 242
357 211
62 314
187 130
233 242
446 1
302 11
261 164
1 446
27 261
233 242
62 244
102 3
18 423
62 303
417 0
233 242
146 236
63 0
193 32
64 329
309 427
146 236
467 58
467 229
58 229
298 38
348 81
38 137
218 408
78 53
97 468
182 146
182 137
146 137
62 314
62 244
314 244
374 0
187 130
150 66
150 263
66 263
413 19
32 394
32 0
394 0
108 217
83 32
83 138
32 138
87 40
132 224
193 2
57 35
57 9
35 9
41 387
289 216
233 242
15 260
209 223
233 242
345 205
163 38
374 0
49 45
134 466
226 213
78 61
361 260
67 397
329 393
233 242
351 33
233 242
137 214
24 19
233 242
81 351
216 439
216 21
439 21
187 130
163 146
163 236
146 236
233 242
233 242
328 311
328 138
311 138
233 242
35 63
233 242
233 242
233 242
233 242
216 231
476 388
309 427
57 35
57 35
361 44
78 61
365 2
197 26
15 59
63 259
233 242
25 363
459 161
233 242
261 226
35 303
35 265
303 265
464 198
295 55
233 242
233 242
233 242
57 35
233 242
231 36
57 35
402 17
402 56
17 56
33 66
33 117
66 117
233 242
233 242
145 20
233 242
51 332
18 287
280 88
280 58
88 58
233 242
57 265
57 35
159 0
233 242
233 242
322 283
163 38
233 242
57 35
233 242
177 226
83 218
233 242
27 190
233 242
242 233
233 242
114 251
294 199
145 58
75 118
67 397
280 88
267 120
386 123
386 3
123 3
130 75
134 466
298 126
223 20
233 242
216 231
35 303
476 468
58 25
473 210
243 209
62 314
62 9
314 9
107 131
233 242
62 314
96 62
96 303
62 303
217 105
396 9
99 367
32 21
32 359
32 0
21 359
21 0
359 0
91 18
187 130
489 137
32 21
85 329
233 242
238 199
402 224
62 314
62 244
62 357
314 244
314 357
244 357
177 178
326 473
326 210
473 210
397 67
192 157
100 86
62 314
110 118
498 432
498 181
432 181
406 206
473 210
435 61
435 3
61 3
110 134
184 307
184 136
307 136
159 0
87 42
62 314
145 58
309 193
169 138
49 45
435 11
176 48
38 137
340 473
270 396
26 68
216 439
216 21
439 21
62 303
357 62
25 283
222 290
436 0
374 436
142 430
132 193
216 21
241 147
173 447
63 437
126 193
30 300
413 226
216 372
216 32
216 21
372 32
372 21
32 21
233 242
30 128
32 216
32 21
32 0
216 21
216 0
21 0
233 242
233 242
142 430
170 193
39 44
115 73
115 67
73 67
184 307
184 136
307 136
220 336
161 226
161 200
226 200
28 26
85 329
216 231
233 242
30 149
30 84
149 84
377 77
6 8
145 58
42 200
302 11
0 224
213 499
126 8
57 251
213 499
62 244
454 287
466 338
62 357
62 244
357 244
197 178
197 222
178 222
80 406
233 242
233 242
73 42
73 3
42 3
146 236
489 137
489 193
137 193
62 314
62 9
62 81
314 9
314 81
9 81
351 435
351 291
435 291
58 178
233 242
62 244
62 357
244 357
216 21
233 242
299 58
33 212
204 177
466 338
209 223
280 88
280 58
88 58
79 413
35 63
108 173
183 115
178 297
146 236
160 89
233 242
233 242
202 6
233 242
39 58
137 138
169 385
151 107
38 137
78 61
163 483
216 289
466 474
466 110
474 110
441 471
233 242
413 226
377 37
377 21
377 216
377 244
377 0
37 21
37 216
37 244
37 0
21 216
21 244
21 0
216 244
216 0
244 0
35 303
64 128
327 43
64 128
495 425
495 133
425 133
159 35
309 427
309 138
427 138
32 359
140 388
233 242
464 198
365 0
365 2
0 2
39 58
357 37
357 8
37 8
211 372
67 397
233 242
233 242
38 21
38 110
21 110
313 7
284 105
244 314
244 62
314 62
429 11
233 242
233 242
414 214
233 242
38 137
233 242
171 483
165 23
63 68
233 242
216 231
66 247
64 128
64 408
128 408
132 75
394 159
187 130
0 224
436 374
413 67
413 287
67 287
233 242
75 132
280 88
383 162
270 396
232 475
233 242
314 62
54 93
15 40
81 62
81 314
81 9
62 314
62 9
314 9
233 242
365 2
408 199
74 25
64 128
294 413
294 287
413 287
73 213
228 53
233 242
342 340
423 151
49 45
295 290
74 38
81 198
78 53
49 45
270 396
270 365
396 365
62 314
64 128
163 414
62 314
216 231
394 333
53 30
233 242
132 75
140 320
112 17
248 60
33 363
39 58
171 483
194 462
159 0
233 242
38 298
38 137
38 428
298 137
298 428
137 428
233 242
216 21
233 242
233 242
149 128
233 242
302 11
102 3
62 314
223 209
108 217
270 468
233 242
233 242
347 29
233 242
96 303
187 130
233 242
233 242
374 0
436 0
413 287
233 242
18 20
446 1
32 359
32 0
359 0
226 413
181 213
439 2
49 45
233 242
187 130
357 134
327 43
32 193
32 2
193 2
32 193
394 0
1 446
305 377
51 247
169 50
233 242
213 499
151 95
446 1
206 193
233 242
63 259
187 130
84 401
134 38
386 28
32 216
148 36
328 428
63 0
281 67
302 11
30 408
57 35
209 223
134 38
134 138
38 138
233 242
295 357
162 266
107 85
187 130
79 290
110 35
110 0
35 0
233 242
35 0
233 242
447 173
233 242
233 242
439 396
439 394
396 394
57 35
233 242
41 10
233 242
124 273
435 61
436 0
38 137
233 242
372 163
305 35
140 320
233 242
355 127
280 97
165 86
305 35
218 408
21 32
21 0
32 0
476 468
35 0
99 367
233 242
17 453
241 147
233 242
233 242
413 261
241 7
187 130
233 242
179 456
233 242
247 105
51 44
63 0
187 130
226 261
159 0
67 397
145 58
462 97
280 88
280 58
88 58
476 468
373 198
18 287
220 110
62 314
10 289
34 107
446 1
97 3
78 452
78 489
452 489
164 413
298 38
298 138
38 138
173 447
54 415
386 334
396 443
237 472
418 333
182 9
83 77
320 356
171 431
179 29
179 29
347 29
347 16
29 16
135 106
88 371
489 468
324 353
271 324
66 74
266 6
15 99
291 212
212 414
339 453
13 47
381 29
115 26
18 321
191 347
475 241
40 384
46 179
56 332
70 248
70 248
248 381
248 70
381 70
101 263
111 206
43 284
386 23
386 157
23 157
31 410
280 88
432 240
150 248
364 479
327 266
409 8
337 13
311 13
169 243
364 373
364 26
373 26
297 202
159 305
22 121
254 7
453 15
453 24
15 24
348 467
34 80
25 86
25 80
86 80
49 45
233 242
45 49
233 242
45 49
49 45
71 92
179 347
108 69
108 41
69 41
46 179
40 237
395 25
149 128
94 356
190 69
169 168
87 269
23 71
67 397
226 44
17 283
459 213
131 11
226 413
226 261
413 261
413 261
67 397
97 89
67 397
83 351
280 88
478 392
181 73
298 38
298 137
38 137
245 185
245 90
185 90
309 427
309 471
427 471
6 414
146 236
159 0
182 9
182 137
182 0
9 137
9 0
137 0
159 0
159 0
136 8
71 201
309 427
6 206
6 38
206 38
117 335
117 103
335 103
179 282
179 304
282 304
375 20
8 46
8 234
46 234
24 420
452 28
280 88
29 347
30 393
38 69
43 354
446 1
9 227
146 357
146 236
357 236
174 9
269 201
159 130
126 32
18 20
241 7
158 208
79 248
94 168
147 241
147 46
241 46
407 29
268 80
179 46
167 179
402 248
280 88
347 191
50 28
99 409
381 29
381 70
347 179
347 29
179 29
43 408
384 373
29 407
195 29
195 60
29 60
191 347
107 102
374 0
63 0
63 0
489 137
130 75
29 268
181 91
55 29
55 347
29 347
29 347
239 15
87 109
31 52
101 128
386 28
31 12
480 196
453 196
81 273
81 190
273 190
335 88
280 88
374 0
0 448
193 378
187 130
31 410
31 52
410 52
31 52
344 157
212 348
212 285
348 285
385 42
101 169
175 292
225 129
173 229
183 109
177 17
196 87
196 363
87 363
4 109
355 127
71 115
177 327
24 30
173 4
173 24
4 24
24 464
475 183
328 311
328 138
311 138
147 92
40 15
347 29
335 117
444 158
93 300
15 19
443 9
473 210
452 140
452 140
56 17
252 282
91 348
55 141
15 10
447 239
38 427
298 38
416 322
416 365
322 365
193 32
102 32
146 236
309 427
305 2
32 126
0 414
314 62
32 359
38 298
163 38
96 244
451 372
446 36
374 0
396 20
216 231
126 289
417 0
193 134
136 307
136 356
307 356
216 21
271 20
289 216
265 9
62 9
357 37
451 372
451 307
372 307
134 2
163 146
163 236
146 236
32 359
32 126
32 21
32 0
359 126
359 21
359 0
126 21
126 0
21 0
270 9
75 118
146 236
193 32
451 138
355 127
439 416
439 36
416 36
35 1
193 378
151 451
216 439
216 21
439 21
309 427
446 1
111 150
178 107
28 91
28 73
91 73
78 239
278 54
95 177
405 18
181 200
30 192
30 28
30 239
30 419
28 239
28 419
239 419
395 125
415 81
165 20
192 102
66 178
20 46
171 87
395 59
125 66
173 149
415 390
239 264
181 26
378 24
232 6
181 395
393 50
18 22
15 415
86 390
447 383
190 80
190 59
80 59
395 125
200 386
434 111
18 264
446 1
7 478
81 145
386 145
263 197
6 54
115 73
80 59
254 30
86 165
38 35
38 0
35 0
35 0
31 52
300 337
252 66
10 295
179 16
179 46
16 46
179 456
179 16
456 16
489 121
179 167
179 29
167 29
407 29
59 400
24 420
342 340
23 429
86 15
342 340
24 139
437 87
50 490
169 94
218 71
23 142
66 329
237 15
28 339
50 351
175 325
277 133
31 52
277 133
47 310
12 313
368 14
12 313
133 142
31 52
14 203
14 368
203 368
13 47
14 368
202 459
105 147
107 105
165 7
23 313
149 497
47 310
65 47
393 306
168 102
367 218
343 24
200 26
105 102
198 464
198 404
464 404
67 397
3 168
3 19
168 19
232 15
147 102
69 479
112 200
112 497
91 418
83 13
50 250
196 221
307 211
218 88
191 347
55 51
237 108
211 54
115 34
65 412
104 338
280 50
280 88
50 88
91 348
183 54
453 479
47 13
7 243
243 196
243 438
196 438
23 71
243 438
80 142
295 39
295 343
39 343
25 311
183 263
79 388
414 192
304 29
247 128
454 11
129 203
131 378
386 3
302 499
280 88
11 3
464 411
14 368
157 332
11 3
3 194
302 454
302 11
454 11
349 47
454 302
454 11
302 11
131 247
14 368
247 11
141 11
123 27
302 11
349 47
243 120
413 226
413 164
226 164
217 213
306 51
393 44
14 368
14 47
368 47
14 368
247 3
141 274
129 308
448 0
27 83
69 68
69 386
68 386
211 373
196 25
386 207
111 73
420 217
85 16
347 179
347 29
179 29
475 268
475 28
268 28
29 407
179 16
15 99
482 15
38 134
23 69
135 192
86 239
391 390
59 462
59 287
462 287
413 164
413 261
164 261
462 97
3 89
26 74
306 3
302 44
302 499
44 499
123 302
123 3
302 11
252 287
67 397
319 89
413 261
454 133
153 415
337 89
183 287
435 61
435 3
61 3
183 287
454 302
473 210
126 396
32 126
137 138
163 472
163 214
472 214
309 427
146 32
146 236
32 236
38 137
309 427
216 231
414 482
303 265
21 206
35 303
35 265
303 265
10 214
32 417
10 214
259 64
32 359
484 430
288 317
