80 86
80 25
86 25
181 73
239 343
274 203
94 356
103 137
63 259
416 365
231 36
152 137
270 9
365 2
179 46
136 8
57 9
57 265
9 265
169 138
309 427
270 396
264 20
307 136
146 236
32 188
307 32
216 21
270 396
179 20
264 20
62 244
231 216
264 20
201 257
309 427
54 2
146 372
146 236
372 236
373 307
373 32
307 32
63 259
15 396
136 9
57 25
216 396
187 289
264 20
394 0
415 178
396 9
417 32
417 163
32 163
472 357
32 394
32 0
394 0
49 45
364 169
49 45
12 313
93 25
407 259
184 452
276 246
276 86
246 86
179 282
277 133
47 349
230 284
119 103
300 65
14 230
78 350
46 154
223 40
175 325
273 239
302 41
93 338
15 430
273 186
294 403
212 109
386 492
10 55
495 325
495 175
325 175
273 300
4 485
123 97
4 485
494 73
40 121
291 121
415 101
26 399
208 158
15 55
467 19
300 335
51 6
19 29
364 438
211 34
28 373
381 70
438 300
135 338
105 69
281 105
115 425
311 5
87 5
50 5
91 123
18 204
209 61
435 61
177 322
135 25
6 11
135 25
124 117
39 217
495 425
495 133
425 133
15 138
24 278
418 447
200 197
223 15
228 10
363 11
69 95
229 254
229 105
149 399
212 5
479 169
463 327
463 266
327 266
6 6
26 56
311 79
115 73
7 61
69 122
209 51
7 91
7 17
91 17
190 196
239 40
241 270
311 373
165 66
54 56
291 209
83 32
83 138
32 138
168 385
9 265
346 282
329 393
297 199
145 58
111 171
495 123
59 395
140 92
19 123
437 386
196 292
33 230
86 237
280 88
276 31
291 85
19 15
491 71
305 0
357 62
193 2
136 8
487 298
487 9
298 9
163 38
35 63
365 2
32 21
182 146
182 137
146 137
298 84
180 9
298 38
62 314
62 9
314 9
35 303
57 35
343 62
343 314
62 314
307 32
307 136
32 136
163 146
163 236
146 236
193 2
62 443
62 9
443 9
134 38
216 231
110 118
38 138
446 1
9 265
365 2
314 62
32 359
309 427
309 471
427 471
309 427
63 259
32 0
307 136
357 8
309 21
289 409
357 37
187 130
35 1
120 65
259 364
232 55
232 245
55 245
230 16
18 245
91 273
91 147
91 19
273 147
273 19
147 19
407 29
151 88
151 280
88 280
26 31
158 208
179 304
93 78
276 313
286 478
33 66
33 117
66 117
26 31
31 52
145 58
94 304
170 92
67 397
61 435
61 3
435 3
241 8
29 43
175 325
280 88
280 58
88 58
415 279
124 404
17 121
196 97
160 89
67 397
67 345
181 213
181 226
213 226
495 80
212 5
352 414
127 148
42 451
298 38
146 236
403 286
127 21
343 62
343 314
343 20
62 314
62 20
314 20
127 375
163 483
248 381
346 282
264 46
264 154
46 154
475 16
80 95
276 88
81 459
80 95
429 390
178 102
18 482
54 53
112 149
335 22
140 434
140 142
434 142
135 25
305 35
305 1
305 68
35 1
35 68
1 68
32 168
23 53
298 103
151 111
151 150
111 150
322 202
337 300
304 20
150 122
207 409
171 15
171 373
15 373
4 16
59 453
51 43
51 17
43 17
105 125
1 446
137 214
487 39
55 7
291 364
7 59
228 149
62 314
62 357
62 244
314 357
314 244
357 244
197 395
125 16
17 234
39 202
19 92
19 246
19 125
246 125
94 356
270 9
486 232
486 6
232 6
406 17
62 265
20 167
379 140
19 479
55 69
55 126
69 126
202 30
299 223
108 403
239 343
64 495
64 430
495 430
328 320
328 22
328 108
320 22
320 108
22 108
19 479
246 383
190 10
95 264
10 486
10 214
486 214
432 173
335 15
425 243
22 10
28 71
31 12
64 81
363 337
266 339
429 212
159 305
20 167
94 356
7 25
25 18
25 202
18 202
222 85
190 10
190 15
10 15
4 6
390 192
111 465
298 24
221 87
202 28
194 89
263 405
264 23
19 40
4 16
402 40
19 91
19 17
19 68
91 17
91 68
17 68
222 208
4 50
180 9
438 122
280 151
280 88
151 88
407 259
101 228
115 270
53 266
217 207
217 80
207 80
171 91
140 223
352 431
17 28
218 89
71 281
19 56
19 4
56 4
15 267
10 71
223 278
259 357
132 75
352 431
186 225
4 395
31 410
196 115
447 327
280 88
294 15
94 6
463 18
463 85
18 85
10 490
207 300
207 104
300 104
6 81
125 79
117 162
327 43
276 71
482 136
62 265
313 23
153 147
489 409
309 427
263 218
196 41
10 163
320 356
38 137
15 207
378 24
217 105
291 297
478 60
81 62
27 396
385 86
108 39
280 88
406 42
487 39
320 28
32 126
146 234
215 99
80 51
435 125
112 124
225 173
83 418
429 229
32 394
196 372
252 19
10 64
150 27
42 22
160 276
168 429
393 378
328 454
187 130
94 356
54 78
54 294
78 294
280 88
393 207
9 265
7 215
95 309
95 427
309 427
270 365
385 168
223 278
19 218
159 352
159 394
352 394
459 150
94 356
140 88
56 6
23 57
80 364
83 43
335 22
335 252
22 252
495 211
150 122
10 55
10 214
55 214
41 196
33 18
284 17
26 356
7 70
149 64
270 9
17 254
99 270
190 10
190 55
10 55
80 206
41 254
363 297
62 314
62 244
314 244
32 159
348 125
22 335
34 123
105 218
476 74
5 207
264 234
78 278
29 222
10 22
385 86
202 39
150 9
396 2
28 94
407 387
6 338
356 307
357 37
357 8
37 8
264 20
355 127
293 87
293 371
87 371
168 385
168 34
385 34
201 70
201 106
70 106
62 314
62 9
314 9
6 206
6 38
206 38
136 9
346 282
307 136
273 357
179 16
179 46
16 46
298 38
146 236
33 444
72 188
394 0
179 191
407 151
92 40
7 79
8 241
212 10
78 350
179 154
446 1
39 282
39 297
385 363
73 13
80 50
190 123
326 210
288 317
247 44
495 479
4 125
136 8
179 46
13 349
78 350
478 69
133 437
179 46
179 248
179 29
179 248
208 20
348 245
191 145
191 8
145 8
179 72
264 20
46 250
326 473
326 210
473 210
326 473
326 210
473 210
473 210
232 245
216 8
108 295
273 300
140 101
73 209
218 71
99 320
83 15
495 15
373 76
108 73
186 68
68 51
381 29
273 337
222 17
404 363
15 95
384 20
63 0
43 229
338 308
87 221
104 13
157 221
129 153
129 373
153 373
455 276
55 87
55 104
55 495
87 104
87 495
104 495
368 14
23 41
495 11
10 308
109 28
492 299
7 6
71 42
311 392
310 47
158 304
151 83
17 364
338 429
26 495
94 270
126 394
126 21
394 21
61 435
78 61
78 61
56 51
152 490
4 228
124 217
212 5
152 490
461 11
348 56
328 56
490 78
386 3
328 56
30 419
490 78
50 5
327 47
150 482
192 76
150 482
28 338
28 204
338 204
40 338
40 28
338 28
280 88
351 39
24 368
326 210
326 473
326 210
473 210
383 237
142 178
463 121
217 26
69 229
50 121
184 392
363 228
19 108
237 86
237 153
86 153
101 160
243 274
129 308
107 119
19 183
104 13
104 55
13 55
308 99
64 402
443 204
33 87
100 50
305 35
305 1
305 63
35 1
35 63
1 63
93 109
187 130
305 443
108 299
187 130
105 94
87 8
63 269
182 146
182 0
146 0
57 0
113 404
159 0
176 94
24 368
6 142
62 244
62 314
62 244
314 244
359 9
116 180
305 35
305 35
309 427
10 443
309 427
38 137
446 1
309 427
150 9
291 20
489 409
307 32
307 136
32 136
102 32
298 126
309 427
24 449
309 427
83 15
464 24
159 0
189 345
73 6
62 314
368 14
368 203
14 203
14 368
90 220
90 251
140 101
11 164
497 47
435 61
435 3
61 3
129 40
277 133
39 212
437 133
140 92
129 308
13 47
295 131
73 131
47 177
454 133
435 3
14 368
65 47
65 343
47 343
3 247
363 3
131 3
123 11
123 3
11 3
349 119
14 368
14 47
368 47
13 47
277 133
194 462
462 97
73 131
4 437
83 230
392 4
218 68
41 22
107 26
81 6
378 386
17 160
14 383
232 65
203 14
17 119
65 300
14 203
65 150
65 343
150 343
90 185
294 18
7 28
91 17
216 231
32 21
32 394
32 126
32 359
21 394
21 126
21 359
394 126
394 359
126 359
216 372
216 32
216 21
372 32
372 21
32 21
6 206
159 0
216 289
298 38
187 130
182 146
182 137
146 137
289 2
298 193
394 0
298 130
298 38
130 38
228 284
46 8
46 179
91 4
34 109
280 88
280 58
88 58
280 363
280 88
363 88
280 157
314 62
211 157
280 88
223 268
60 248
353 117
248 70
88 160
179 70
7 147
456 60
46 179
10 434
198 464
464 198
169 411
17 123
411 85
411 239
85 239
11 164
11 164
238 199
67 397
47 310
95 278
30 111
294 15
286 432
179 70
179 248
70 248
476 468
327 47
203 13
429 245
395 16
14 368
14 47
368 47
47 310
59 423
368 47
14 368
14 47
368 47
327 194
139 277
10 178
59 23
212 252
252 212
252 115
212 115
140 135
153 19
327 455
225 90
220 90
63 4
347 191
347 179
191 179
136 307
136 8
307 8
356 307
179 282
46 179
346 282
309 427
159 126
489 64
489 56
489 69
64 56
64 69
56 69
396 59
64 56
64 489
56 489
10 92
10 7
10 217
92 7
92 217
7 217
33 6
405 115
95 140
223 432
211 157
38 366
310 47
17 245
24 104
192 184
364 142
133 123
310 140
222 277
168 139
429 11
85 10
225 101
414 30
22 6
162 88
311 5
113 202
108 40
308 99
280 122
26 399
52 285
237 106
491 320
491 222
320 222
213 283
22 435
294 199
310 47
280 200
416 365
136 8
57 35
120 15
120 269
15 269
150 9
149 177
123 3
247 3
104 364
326 473
326 210
473 210
233 242
233 242
49 45
233 242
49 45
233 242
65 495
416 2
220 110
75 36
377 37
377 21
377 216
377 244
377 0
37 21
37 216
37 244
37 0
21 216
21 244
21 0
216 244
216 0
244 0
305 2
377 37
377 21
377 216
377 244
377 0
37 21
37 216
37 244
37 0
21 216
21 244
21 0
216 244
216 0
244 0
264 20
32 136
201 43
201 70
43 70
1 446
377 37
377 21
377 216
377 244
377 0
37 21
37 216
37 244
37 0
21 216
21 244
21 0
216 244
216 0
244 0
355 32
355 127
32 127
439 417
236 146
270 3
270 176
3 176
259 214
259 322
214 322
178 257
178 162
257 162
9 265
23 34
490 50
51 332
81 80
79 364
138 38
228 17
228 453
17 453
373 198
349 13
125 335
73 145
25 95
25 243
95 243
207 25
188 396
179 282
179 46
282 46
390 359
390 136
359 136
241 8
145 20
193 8
264 20
264 154
20 154
150 56
35 38
182 146
182 0
146 0
187 130
57 35
489 137
489 193
137 193
416 2
307 136
307 134
136 134
86 204
86 53
204 53
91 263
237 106
81 150
42 434
109 71
109 91
71 91
435 61
419 461
419 178
461 178
461 419
311 5
435 61
92 40
435 61
54 192
208 158
84 185
79 388
79 140
388 140
18 165
280 88
280 88
243 223
302 454
302 11
454 11
343 484
475 332
79 100
92 212
17 441
54 33
81 478
167 20
89 97
18 485
177 226
454 306
454 279
306 279
302 11
480 361
179 46
150 85
150 452
85 452
211 372
34 3
15 107
15 306
107 306
1 193
146 236
342 340
87 329
390 359
390 136
359 136
150 9
216 231
71 101
15 280
21 127
396 9
300 18
32 21
32 359
32 0
21 359
21 0
359 0
34 38
229 464
283 10
430 51
1 446
293 0
466 374
6 495
62 357
62 244
357 244
102 460
182 9
182 0
9 0
202 146
202 236
146 236
233 242
32 138
225 24
44 306
178 97
355 127
291 391
146 236
146 236
41 10
223 71
63 259
79 123
79 3
123 3
4 67
4 361
67 361
28 306
28 44
306 44
216 21
4 361
190 62
190 165
190 244
62 165
62 244
165 244
75 146
75 236
146 236
200 480
220 90
187 130
18 399
128 38
432 137
394 333
6 206
4 66
18 399
39 58
11 3
187 130
476 468
75 132
75 374
132 374
105 38
67 397
80 270
105 151
90 220
11 3
281 67
51 6
432 137
452 258
105 107
57 35
57 265
35 265
1 446
159 0
476 468
112 403
109 66
112 438
38 21
38 110
21 110
193 126
263 67
23 361
3 247
68 146
68 236
146 236
132 75
413 428
413 19
283 221
305 35
305 1
305 63
35 1
35 63
1 63
63 62
291 186
291 121
186 121
90 185
99 69
211 372
432 4
163 414
418 55
145 16
145 58
16 58
217 372
81 150
30 19
394 0
385 168
97 89
38 137
252 202
0 224
171 281
171 64
171 67
281 64
281 67
64 67
162 53
18 168
17 405
233 242
78 73
298 38
79 386
164 413
160 121
260 361
28 96
305 35
41 10
19 423
108 86
223 209
223 239
209 239
335 6
335 34
335 300
6 34
6 300
34 300
162 73
9 62
150 5
438 281
94 217
83 223
17 453
96 244
50 268
105 163
105 0
163 0
163 0
68 218
142 97
66 109
4 361
50 268
145 58
73 83
6 329
146 236
123 3
289 2
5 207
263 51
223 393
165 217
108 53
122 67
385 79
145 58
17 69
15 3
45 49
263 424
163 146
163 236
146 236
216 231
62 314
62 357
62 244
314 357
314 244
357 244
41 18
413 19
458 318
211 372
162 80
56 160
56 123
160 123
108 217
112 459
112 372
459 372
146 236
15 260
112 200
443 305
4 361
187 130
216 8
6 79
6 291
79 291
377 110
299 22
260 58
6 32
6 394
32 394
284 105
357 0
173 329
18 22
83 455
26 6
75 132
64 131
216 32
374 132
355 127
63 0
40 218
40 408
218 408
253 84
355 127
18 151
18 495
18 425
151 495
151 425
495 425
3 194
218 367
435 61
435 3
61 3
326 473
326 210
473 210
63 35
386 281
83 455
83 455
305 132
305 68
305 35
305 224
132 68
132 35
132 224
68 35
68 224
35 224
151 105
56 287
42 22
119 108
386 3
8 389
372 146
435 3
15 396
355 127
476 306
476 468
306 468
57 35
221 1
342 340
41 10
22 74
357 62
386 3
34 3
216 21
415 100
464 24
1 446
307 451
146 236
17 121
393 329
19 417
363 378
104 418
200 260
45 49
38 137
40 408
32 417
32 126
417 126
124 386
68 83
302 11
430 329
121 173
99 95
79 160
79 413
160 413
374 436
393 329
374 98
85 329
39 174
298 84
425 10
58 404
28 44
55 404
57 128
220 90
294 413
294 19
413 19
142 97
51 43
51 71
51 467
43 71
43 467
71 467
278 40
216 21
499 378
480 85
187 130
436 0
182 146
182 137
146 137
59 377
202 42
177 226
32 0
87 329
302 22
302 11
22 11
290 258
185 90
291 418
291 447
418 447
480 26
326 473
326 210
473 210
145 58
216 231
216 2
231 2
132 483
216 231
233 242
221 356
394 0
217 105
479 66
67 281
38 137
107 131
393 44
187 130
111 94
307 451
342 340
418 56
86 380
386 3
357 305
30 102
413 19
63 259
18 54
464 24
499 247
115 4
394 0
33 7
34 3
115 300
115 299
300 299
19 413
19 378
413 378
326 473
326 210
473 210
432 226
73 213
454 302
454 11
302 11
146 236
247 3
38 298
128 216
146 236
83 455
414 160
389 8
79 276
309 21
305 35
305 1
305 68
35 1
35 68
1 68
151 246
462 97
150 56
33 7
464 198
222 290
177 226
446 1
233 242
64 67
145 58
79 293
227 58
247 3
373 115
233 242
389 8
111 328
439 359
439 36
359 36
130 75
209 397
386 7
105 378
38 137
209 87
35 1
162 190
473 210
446 1
392 151
489 357
489 137
357 137
83 455
48 362
38 137
38 206
327 226
397 67
146 236
146 174
236 174
78 171
123 3
462 97
459 406
476 30
7 147
7 241
147 241
355 127
83 6
413 164
63 0
6 42
64 80
1 96
135 17
135 393
17 393
142 97
163 146
163 236
146 236
0 163
57 0
100 100
377 21
377 0
21 0
57 251
293 68
74 83
4 361
399 318
3 97
473 210
54 339
102 460
81 30
432 254
163 0
11 302
145 58
181 71
132 193
417 19
94 361
56 413
56 386
413 386
85 329
171 51
435 61
162 80
69 59
298 137
298 38
137 38
216 231
146 236
306 3
233 242
66 109
298 490
30 55
30 404
55 404
4 361
40 260
302 11
389 8
280 88
280 58
88 58
233 242
187 130
158 20
298 137
432 19
68 97
107 74
173 54
474 0
217 105
8 62
42 202
132 483
132 224
483 224
187 130
466 338
78 91
78 378
91 378
480 192
386 413
307 451
35 1
166 289
67 115
67 73
115 73
284 160
4 361
446 1
150 28
58 25
258 22
258 290
22 290
372 146
372 236
146 236
435 247
211 372
286 189
187 216
23 57
12 313
435 61
435 3
61 3
217 350
233 242
115 281
115 67
281 67
74 26
42 22
132 224
101 96
67 281
160 26
363 3
68 63
32 0
213 226
405 299
221 320
218 367
7 320
298 9
3 452
45 49
216 289
184 337
385 79
233 242
124 30
306 44
305 443
216 231
28 44
28 306
44 306
142 430
10 430
134 352
134 35
352 35
435 279
435 3
279 3
173 297
299 22
90 220
239 78
146 236
126 21
107 306
121 186
42 83
19 24
223 4
241 8
146 236
9 265
187 130
108 217
35 1
74 378
38 134
260 272
122 383
486 34
87 5
313 94
22 462
3 97
64 67
64 397
67 397
4 20
233 242
63 35
181 71
252 131
184 307
184 136
307 136
216 152
63 259
84 219
326 473
326 210
473 210
211 372
211 145
372 145
351 33
11 3
42 299
415 363
71 7
198 464
204 64
66 109
84 482
418 447
94 479
386 15
313 460
55 404
216 231
363 3
24 263
147 95
378 363
309 427
10 443
18 17
372 25
26 403
264 20
29 347
335 117
347 191
347 167
347 179
191 167
191 179
167 179
179 29
169 201
19 7
107 5
40 101
232 367
7 85
122 217
252 452
53 86
26 337
190 467
331 204
60 43
60 70
43 70
407 29
395 227
240 30
7 246
7 320
246 320
115 160
115 186
160 186
201 83
15 276
15 264
276 264
175 325
80 28
94 17
147 393
177 81
105 95
79 165
233 242
45 49
233 242
49 45
49 45
233 242
147 92
18 399
288 317
157 221
51 10
115 51
39 41
165 291
278 78
115 51
15 487
453 429
165 204
165 24
204 24
100 299
80 121
213 272
121 89
413 226
413 261
413 287
226 261
226 287
261 287
361 44
462 287
44 499
226 306
226 413
306 413
213 499
488 161
287 3
24 378
392 41
42 83
207 42
427 471
159 0
439 2
439 216
298 137
448 0
439 359
439 36
359 36
318 152
63 259
68 146
68 236
146 236
299 222
111 41
34 415
396 304
241 8
211 372
179 282
352 431
20 269
201 269
201 70
309 427
372 146
372 236
146 236
29 347
76 29
364 43
16 20
179 16
81 478
63 259
63 20
259 20
320 248
70 16
395 125
395 16
125 16
70 248
83 101
250 371
384 373
268 12
228 10
15 59
54 311
9 62
191 347
337 140
335 117
184 169
112 177
311 40
10 196
392 12
176 108
99 458
99 17
458 17
280 88
34 19
22 56
29 347
236 444
319 89
73 83
4 277
383 246
14 368
7 393
207 15
4 109
183 109
438 300
95 34
101 212
327 447
30 24
495 119
480 178
364 178
112 212
40 376
196 292
179 29
105 223
105 206
223 206
473 210
6 296
373 198
404 198
404 55
198 55
467 121
9 193
307 1
112 124
7 246
7 15
7 320
246 15
246 320
15 320
320 453
38 134
298 38
187 130
439 193
446 1
32 394
163 146
146 236
62 265
466 374
35 0
356 307
38 138
307 32
307 1
32 1
32 394
75 118
305 0
439 396
439 394
396 394
62 314
62 9
314 9
216 206
62 314
216 231
132 483
146 236
146 2
148 36
365 2
57 35
32 21
32 359
32 0
21 359
21 0
359 0
307 1
307 32
137 9
32 359
32 0
359 0
9 126
216 439
216 21
439 21
32 359
298 126
159 0
236 146
309 193
38 21
38 110
21 110
137 138
57 35
187 130
159 0
187 130
170 193
180 9
71 190
99 150
18 463
66 80
338 108
7 478
83 94
83 73
94 73
10 183
406 363
406 19
363 19
104 99
429 463
211 284
280 200
211 15
91 122
6 54
6 190
91 23
229 59
300 125
294 284
81 337
297 204
418 19
300 284
202 99
486 393
125 16
177 425
177 17
162 278
480 78
446 1
22 391
300 4
177 169
50 276
34 95
147 447
218 15
452 95
18 171
6 54
23 264
316 2
316 330
2 330
94 149
299 311
459 105
246 7
246 320
7 320
46 20
405 17
402 204
215 79
281 308
42 320
104 39
251 0
13 16
378 223
128 165
237 106
24 26
162 415
7 39
464 198
229 183
215 277
175 325
129 308
175 325
12 313
133 277
158 208
263 108
78 39
25 112
6 402
246 22
435 58
47 310
302 123
302 131
123 131
217 350
15 306
73 487
115 230
255 368
237 455
40 222
399 7
222 40
122 196
177 157
168 209
228 418
122 121
15 79
71 17
467 112
53 266
459 112
154 322
153 42
308 99
295 78
169 225
270 365
29 456
69 43
332 248
306 44
269 201
269 70
201 70
165 120
169 411
46 179
410 52
302 11
25 165
85 26
112 149
125 79
298 38
298 138
38 138
129 13
15 68
6 383
349 47
349 13
263 71
99 51
476 388
347 29
413 131
65 412
226 261
302 11
302 11
149 497
129 308
302 11
11 302
65 412
454 302
464 198
277 133
11 3
47 310
302 11
133 277
462 97
13 47
133 277
203 19
203 97
203 497
203 350
19 97
19 497
19 350
97 497
97 350
497 350
196 292
241 7
53 111
53 73
111 73
390 42
53 73
53 111
73 111
179 347
286 158
286 29
158 29
62 314
104 68
482 15
482 15
196 10
313 100
313 100
246 28
22 28
22 15
28 15
237 40
69 135
454 133
123 3
302 11
413 89
297 123
19 131
476 97
302 11
302 11
302 11
213 226
302 11
489 3
68 44
59 131
194 89
454 133
473 210
229 311
17 443
394 305
355 127
38 298
351 459
57 265
146 236
191 145
