368 6
367 332
269 16
314 62
365 2
298 193
15 33
334 190
57 9
57 251
57 35
9 251
9 35
251 35
62 314
62 57
314 57
269 16
365 2
416 365
416 2
365 2
357 137
171 32
171 16
32 16
416 365
416 2
365 2
126 193
307 451
103 293
410 52
242 233
49 45
45 49
49 45
49 45
350 453
359 167
359 167
261 164
261 12
164 12
164 261
164 413
261 413
359 167
359 167
321 150
359 167
359 167
26 392
51 20
241 8
465 417
324 353
324 353
284 230
145 72
277 4
489 97
260 209
260 485
209 485
44 468
306 44
306 468
44 468
82 424
82 162
424 162
406 107
111 30
176 93
23 112
324 353
205 345
430 371
61 3
487 364
461 481
276 74
24 30
95 284
135 392
65 141
60 70
241 8
131 54
326 473
326 210
473 210
151 453
304 353
353 324
204 208
248 60
62 96
62 314
96 314
57 9
57 251
57 35
9 251
9 35
251 35
354 379
379 354
2 431
194 329
197 89
359 167
5 123
51 113
490 27
17 183
160 278
123 11
123 3
11 3
131 124
131 432
124 432
3 332
100 411
146 236
443 416
132 118
216 21
359 159
32 417
32 465
417 465
307 1
136 8
365 2
32 474
96 244
357 259
38 134
409 376
439 416
439 365
416 365
32 417
32 465
417 465
372 451
163 36
165 298
216 21
96 244
218 492
416 270
117 406
449 371
354 379
306 468
459 285
292 175
313 227
14 368
3 123
3 11
3 85
123 11
123 85
11 85
261 164
261 164
261 247
164 247
413 164
123 11
123 3
11 3
247 261
247 164
261 164
176 93
361 3
237 221
484 58
484 275
58 275
407 103
62 314
96 62
269 20
451 2
407 103
407 334
103 334
184 85
335 108
123 3
123 11
3 11
204 294
234 188
234 188
238 269
3 306
384 72
306 468
27 463
43 201
72 145
241 475
234 145
234 241
234 269
145 241
145 269
241 269
348 40
168 24
478 15
202 133
250 28
73 415
297 218
183 291
111 337
108 335
108 28
335 28
181 91
250 297
164 261
164 413
261 413
413 164
413 165
164 165
324 353
441 471
204 208
16 125
16 269
125 269
72 158
72 46
346 282
97 499
499 97
324 353
279 27
123 3
123 11
3 11
318 112
15 181
129 368
416 439
303 138
56 492
39 23
439 416
128 273
353 324
353 324
230 14
252 22
27 367
91 86
54 492
54 207
54 74
492 207
492 74
207 74
435 61
33 53
385 66
425 175
230 14
449 224
104 124
39 121
121 463
218 10
218 308
10 308
13 274
46 154
475 241
475 19
241 19
375 407
375 103
407 103
453 139
274 141
141 274
343 379
379 354
359 387
393 261
146 236
417 465
471 336
201 8
449 251
267 375
220 90
334 103
367 26
110 148
110 163
148 163
177 269
182 16
72 43
125 72
125 16
72 16
334 17
62 314
62 96
62 244
314 96
314 244
96 244
125 72
304 145
125 16
269 182
241 8
451 16
375 190
136 8
2 431
123 11
123 3
11 3
97 462
97 89
462 89
458 495
191 70
69 128
274 119
274 13
119 13
412 87
274 141
14 141
208 207
92 10
208 158
318 93
254 18
123 11
123 3
11 3
481 461
259 63
326 473
326 210
473 210
473 210
473 210
326 473
347 68
280 169
153 221
257 379
257 43
379 43
267 375
117 54
383 254
123 3
123 11
3 11
322 319
226 44
226 43
44 43
226 44
226 43
44 43
164 247
319 89
19 475
353 324
326 210
326 210
113 277
120 169
230 284
123 3
123 11
3 11
123 3
123 11
3 11
3 11
3 11
3 279
3 11
279 11
226 89
31 325
164 261
141 349
302 11
14 368
125 72
225 115
217 87
384 72
417 465
417 188
465 188
145 234
46 125
125 16
267 375
91 177
93 273
131 124
497 47
131 432
123 3
123 11
3 11
14 368
96 62
96 244
62 244
365 2
44 468
460 260
410 52
45 49
233 242
233 242
233 242
277 273
185 33
352 431
145 16
37 357
96 9
474 32
208 158
208 268
158 268
57 9
57 62
57 96
9 62
9 96
62 96
125 16
125 96
16 96
135 83
327 171
64 190
487 252
101 106
153 478
417 465
417 188
465 188
0 103
206 20
95 327
402 453
212 480
53 74
222 290
304 201
378 41
165 430
4 128
478 50
164 247
182 269
125 16
167 72
125 72
269 182
483 110
126 21
402 54
44 328
484 58
339 109
275 484
349 85
183 55
439 416
439 443
416 443
306 468
489 306
489 97
489 423
306 97
306 423
97 423
194 68
44 468
49 45
132 0
182 9
259 63
187 174
49 45
0 224
45 49
451 372
238 98
146 236
261 164
182 9
57 35
259 63
34 420
45 49
49 45
182 35
21 126
49 45
473 210
148 36
74 28
45 49
67 397
326 473
326 210
473 210
148 127
49 45
182 146
182 16
146 16
187 174
126 21
312 110
45 49
343 16
343 194
16 194
182 146
182 77
0 224
125 16
241 145
333 119
188 20
32 417
32 465
32 188
417 465
417 188
465 188
465 417
43 463
241 372
241 83
372 83
234 125
27 497
27 119
497 119
473 210
348 332
241 16
269 188
407 103
241 16
241 8
16 8
57 9
57 251
57 35
9 251
9 35
251 35
269 182
241 234
312 267
460 58
460 58
260 460
74 460
294 6
294 428
6 428
233 242
233 242
233 242
233 242
233 242
233 242
233 242
233 242
233 242
407 103
261 164
145 72
250 28
19 101
473 210
148 36
243 92
187 174
309 134
309 427
309 174
134 427
134 174
427 174
130 220
146 236
110 0
309 427
309 174
427 174
65 141
136 8
269 63
269 20
63 20
372 241
375 103
409 376
237 221
234 264
331 70
23 246
54 71
208 158
122 348
292 175
486 239
353 324
59 25
72 125
347 68
145 16
402 423
406 214
396 443
462 89
439 416
353 324
353 324
304 145
28 332
208 158
353 324
228 171
111 30
111 124
30 124
288 317
151 453
36 357
259 63
1 389
152 138
355 127
57 9
57 251
57 35
9 251
9 35
251 35
259 63
148 36
365 2
165 298
38 134
130 220
259 188
298 193
80 198
390 393
125 72
125 145
62 314
62 96
314 96
343 16
337 254
111 295
241 8
403 27
215 85
107 411
489 423
489 306
423 306
230 14
441 471
158 208
141 274
432 89
73 200
403 78
125 72
326 473
326 210
473 210
230 14
119 274
119 349
215 196
343 386
74 56
423 440
268 208
208 158
248 60
277 133
306 3
133 277
157 274
113 108
14 368
95 345
324 353
135 444
318 135
36 35
490 92
24 225
24 225
24 26
225 225
225 26
225 26
168 391
348 176
145 72
44 361
491 223
261 164
123 173
123 11
123 3
173 11
173 3
11 3
5 482
462 44
97 462
97 89
462 89
306 44
261 164
207 194
5 482
194 207
220 130
39 214
352 431
392 134
322 231
352 431
352 431
326 210
326 473
