318 112
365 2
59 127
365 2
451 372
402 96
216 21
136 8
417 465
417 188
465 188
334 269
334 188
269 188
231 146
314 62
182 77
182 35
204 193
62 96
407 103
136 8
146 236
38 134
346 282
146 236
407 103
298 37
298 357
298 482
37 357
37 482
357 482
451 372
365 2
269 188
136 8
410 52
233 242
233 242
53 41
399 453
46 72
145 191
125 16
417 465
417 188
465 188
145 241
145 234
241 234
51 7
361 306
361 468
306 468
147 223
104 153
241 8
354 379
158 208
7 391
391 7
145 72
73 311
326 210
9 421
462 89
197 89
306 499
306 361
499 361
123 11
123 3
11 3
288 317
373 403
11 123
11 3
123 3
33 453
413 164
123 11
123 3
11 3
273 128
334 234
420 15
11 123
11 22
11 3
123 22
123 3
22 3
123 11
123 3
11 3
310 350
109 23
365 2
220 0
62 314
62 96
62 57
314 96
314 57
96 57
96 244
401 114
357 259
466 293
132 224
110 483
75 132
357 37
298 193
38 134
187 174
374 0
146 236
136 8
466 116
407 103
201 8
33 18
304 201
18 33
449 35
248 60
407 103
449 251
112 41
208 158
125 16
125 451
125 76
16 451
16 76
451 76
497 4
28 332
410 52
313 227
292 175
261 164
359 167
489 423
247 261
247 164
261 164
261 164
164 261
261 164
164 261
451 372
34 254
353 324
39 125
39 16
125 16
264 234
264 72
234 72
16 234
447 415
24 30
405 17
22 323
22 323
234 269
234 125
269 125
286 452
353 324
16 125
125 72
15 237
164 261
164 413
261 413
112 192
452 33
6 33
6 83
6 452
33 83
33 452
83 452
83 33
6 33
6 83
6 452
33 83
33 452
83 452
76 50
124 284
24 168
202 83
124 284
406 337
399 4
261 164
261 164
247 261
347 68
221 393
96 8
241 46
241 145
46 145
125 72
125 72
125 241
72 241
165 229
105 7
85 56
348 115
279 399
390 128
104 26
359 387
465 417
439 416
439 443
416 443
128 273
309 427
286 72
234 269
234 286
269 286
225 173
23 69
61 435
261 12
141 14
65 495
6 53
228 140
406 25
83 434
83 399
434 399
30 25
141 14
230 14
241 372
241 83
372 83
389 0
355 75
355 466
75 466
111 0
241 372
16 125
298 108
35 449
65 141
201 8
354 379
16 20
16 375
20 375
379 354
359 387
365 2
128 273
297 89
365 2
414 495
147 14
14 141
65 141
355 127
372 451
431 103
182 269
182 267
182 293
269 267
269 293
267 293
182 269
417 465
417 465
314 0
28 191
372 451
372 234
451 234
372 241
359 234
38 438
125 72
269 188
43 237
72 208
43 379
62 96
405 434
414 214
326 210
361 260
354 379
125 16
371 227
353 285
131 124
131 260
124 260
361 306
3 260
194 207
17 184
326 210
16 96
282 346
261 164
3 11
133 12
346 282
113 453
3 11
123 11
123 3
11 3
203 141
123 11
123 3
11 3
11 3
227 261
227 202
261 202
3 361
402 123
402 188
123 188
123 3
123 11
3 11
125 16
125 451
16 451
425 405
324 353
267 166
13 119
471 441
228 367
123 212
91 225
14 141
489 423
113 494
413 261
413 164
261 164
403 373
252 15
3 123
11 3
123 3
5 123
123 11
123 3
11 3
113 494
65 367
123 3
123 3
410 52
45 49
141 14
334 103
132 224
224 132
138 338
365 2
128 69
94 423
254 51
407 103
241 8
289 188
267 375
96 62
429 81
59 81
353 324
414 355
414 127
355 127
76 50
480 281
480 99
281 99
76 50
183 327
228 367
68 182
56 145
387 359
0 224
38 134
401 114
0 224
0 224
374 132
374 0
374 224
132 0
132 224
0 224
110 224
374 0
379 354
439 416
439 416
99 234
439 416
462 89
462 97
89 97
499 477
267 0
267 0
110 483
189 345
67 218
343 19
41 152
3 332
60 248
473 210
96 9
451 372
49 45
146 236
0 224
1 389
181 91
57 9
57 62
57 96
9 62
9 96
62 96
37 357
96 9
9 251
67 397
57 9
57 251
57 35
9 251
9 35
251 35
267 0
148 36
326 473
326 210
473 210
259 63
466 116
326 473
326 210
473 210
467 222
110 483
159 63
57 9
57 251
57 35
9 251
9 35
251 35
3 332
374 0
60 70
261 164
127 355
326 473
326 210
473 210
146 236
126 21
146 236
125 16
234 145
234 433
145 433
125 72
125 72
346 282
410 52
123 3
123 11
3 11
72 145
449 188
206 188
417 465
417 188
465 188
125 16
125 12
125 269
16 12
16 269
12 269
125 269
125 234
269 234
241 8
275 58
391 273
288 317
233 242
233 242
233 242
233 242
410 52
65 367
288 317
353 324
26 190
252 453
3 11
187 174
84 253
65 141
84 253
9 0
65 141
309 427
309 174
427 174
182 146
182 16
146 16
38 134
187 174
38 134
196 390
417 465
354 379
125 16
125 411
16 411
248 60
60 248
353 285
6 463
37 357
449 251
429 261
196 113
196 277
113 277
277 113
324 353
19 475
462 89
122 348
347 68
158 208
51 403
143 415
254 28
86 425
416 443
41 443
41 406
443 406
125 72
346 282
346 145
346 282
145 282
346 282
111 24
164 261
53 205
37 298
37 357
298 357
126 21
227 53
146 236
38 134
357 193
216 166
402 152
38 134
37 357
365 2
482 357
38 134
38 1
134 1
37 357
150 152
234 433
125 72
123 11
123 3
11 3
62 96
112 28
324 353
324 353
324 353
313 100
379 354
34 28
17 405
31 325
230 14
65 141
14 230
102 3
208 158
460 58
125 234
125 16
234 16
241 8
72 145
201 8
162 287
318 399
234 269
234 125
269 125
124 10
104 278
104 278
162 460
459 237
150 198
462 89
441 274
119 349
471 441
109 339
291 327
196 390
234 16
234 125
16 125
125 72
113 494
141 14
310 47
310 274
47 274
304 201
324 353
353 324
462 79
462 89
79 89
357 482
357 472
357 37
482 472
482 37
472 37
357 37
413 164
44 43
261 164
302 44
326 473
326 210
473 210
38 134
37 357
334 188
146 236
275 484
