250 46
417 32
417 465
417 188
32 465
32 188
465 188
314 62
180 23
355 127
136 8
372 451
137 138
365 2
289 63
372 241
372 451
241 451
414 355
414 127
355 127
352 431
196 146
55 206
355 127
307 305
352 431
343 18
62 314
132 224
352 431
334 407
180 2
365 2
365 2
372 188
417 465
416 365
416 2
365 2
63 289
447 71
214 2
214 2
309 38
106 138
45 49
310 47
310 27
313 12
12 313
12 83
313 83
22 51
12 313
12 26
313 26
196 259
289 166
465 417
16 465
346 282
300 33
322 23
322 465
23 465
14 203
234 8
234 46
8 46
334 103
411 230
489 306
489 332
489 423
306 332
306 423
332 423
14 203
150 54
306 468
44 489
44 468
489 468
361 44
111 7
179 46
241 8
241 8
201 111
18 254
324 353
147 152
378 295
490 480
480 490
183 54
383 490
435 61
222 322
378 463
68 157
182 9
264 46
475 268
248 70
200 55
463 378
320 15
157 68
430 481
140 128
3 11
413 164
274 13
26 320
208 158
444 208
78 420
270 416
270 365
416 365
270 416
270 365
416 365
354 379
96 62
354 379
73 30
141 109
385 73
122 56
309 427
309 427
14 203
310 47
131 123
54 76
54 76
347 167
346 145
31 52
52 31
26 364
26 415
364 415
183 176
475 414
47 310
136 8
352 431
32 0
322 231
159 0
451 396
271 96
62 314
62 244
314 244
55 206
96 244
270 416
270 365
416 365
352 431
206 357
307 1
355 127
451 396
57 35
270 9
148 231
417 391
417 163
391 163
57 9
57 0
9 0
446 1
417 38
417 465
32 0
289 63
96 1
62 314
62 244
314 244
278 116
50 472
115 148
32 359
132 224
110 312
57 35
57 303
35 303
146 182
146 236
182 236
182 9
182 57
9 57
216 21
289 134
9 265
96 244
122 322
109 153
12 93
286 229
62 314
125 16
115 94
145 72
154 46
131 11
313 494
280 88
202 14
454 131
497 47
482 5
73 320
306 3
125 16
292 175
86 318
86 428
318 428
306 332
497 47
497 27
47 27
215 68
164 261
308 99
16 145
191 145
318 428
131 11
435 61
5 39
30 11
279 399
99 164
25 278
313 15
484 339
216 21
241 8
270 365
103 407
234 46
159 188
451 138
23 451
374 118
346 282
36 75
137 214
346 282
17 153
67 397
79 55
241 8
468 11
51 386
455 86
179 46
407 103
63 334
407 103
363 74
162 354
275 58
402 54
280 88
179 384
271 282
280 88
280 88
179 347
271 282
43 50
64 413
64 164
413 164
411 230
476 392
86 278
51 100
344 486
263 4
17 99
24 117
68 7
453 177
92 184
39 26
178 17
19 109
122 26
234 371
473 210
473 210
179 46
454 56
125 16
218 97
462 89
359 167
478 467
104 279
280 88
381 248
381 70
248 70
241 125
250 22
88 70
381 248
381 70
248 70
300 266
300 91
266 91
225 252
7 25
7 73
25 73
386 128
386 432
128 432
104 13
254 209
196 212
143 177
143 321
177 321
104 13
177 321
171 32
91 42
217 409
54 78
497 47
308 99
302 121
295 53
28 71
435 61
61 419
94 176
157 68
133 399
133 279
399 279
435 61
61 435
419 461
165 5
61 3
61 435
3 435
489 3
489 11
3 11
61 3
61 3
12 16
184 22
284 209
99 121
434 399
14 203
218 14
218 203
14 203
23 129
434 141
65 141
203 14
386 128
128 246
309 38
309 427
38 427
46 234
32 16
182 9
57 9
57 0
57 251
9 0
9 251
0 251
409 376
334 269
146 236
146 236
280 168
417 0
132 224
132 224
409 376
309 38
309 427
38 427
446 1
322 387
293 21
464 198
294 428
33 453
423 319
32 359
32 0
359 0
22 214
73 132
270 416
270 365
416 365
451 396
312 396
404 89
115 103
270 416
270 365
416 365
53 78
53 200
78 200
133 142
277 113
11 452
306 489
306 3
306 11
306 332
489 3
489 11
489 332
3 11
3 332
11 332
65 141
279 361
142 133
14 368
123 3
123 11
3 11
44 11
149 11
279 3
131 3
131 11
3 11
199 11
11 247
11 164
247 164
14 113
306 44
14 368
279 428
131 11
302 11
198 50
217 409
409 376
62 96
62 9
96 9
355 127
355 127
314 62
69 333
173 231
62 314
97 462
97 89
462 89
131 11
97 198
149 44
149 97
44 97
3 279
217 409
407 246
215 199
149 407
87 115
324 353
324 353
452 38
430 371
184 80
14 368
65 141
141 14
124 230
86 318
318 112
390 318
473 210
201 8
379 354
158 208
187 35
137 37
187 35
137 37
204 38
204 134
38 134
365 2
280 88
107 158
208 158
468 11
489 423
25 71
402 300
201 16
157 227
407 103
201 43
280 88
227 371
201 268
379 343
201 286
227 257
81 88
337 379
250 46
381 70
381 248
70 248
280 88
101 157
324 353
423 319
44 306
131 11
194 44
26 44
194 199
363 3
327 171
346 282
124 286
136 8
381 248
264 234
264 145
234 145
361 59
120 169
50 64
399 133
434 15
34 200
28 23
28 135
23 135
22 399
22 7
399 7
66 494
93 246
145 8
145 191
8 191
407 103
46 154
136 28
290 205
122 173
33 71
33 222
71 222
221 228
5 482
454 131
478 247
14 203
11 452
462 44
462 97
44 97
462 97
11 247
11 164
247 164
24 133
71 167
95 33
279 133
399 279
47 13
241 8
337 379
233 242
45 49
233 242
49 45
45 49
49 45
45 49
215 405
19 102
39 285
138 451
309 38
309 427
38 427
62 314
62 244
314 244
62 9
466 116
110 312
259 214
11 357
163 0
334 437
476 177
149 95
328 162
320 138
215 277
328 162
373 138
373 106
138 106
294 428
414 406
414 214
406 214
190 64
373 138
332 8
299 4
403 478
100 33
80 86
459 152
391 87
324 353
200 321
381 248
241 20
270 365
179 346
179 282
179 46
346 282
346 46
282 46
417 391
182 62
182 9
182 96
62 9
62 96
9 96
269 465
269 20
465 20
20 234
20 126
20 159
234 126
234 159
126 159
269 489
269 465
489 465
343 16
241 8
314 62
314 96
62 96
278 78
278 73
78 73
40 300
4 278
226 10
324 353
297 482
23 204
232 406
297 482
7 40
6 328
473 210
435 61
435 61
209 61
61 419
435 61
209 61
498 378
487 217
152 147
151 391
106 286
271 346
101 33
101 252
33 252
46 264
208 264
19 33
187 35
0 224
306 468
108 411
50 263
19 199
19 332
199 332
165 433
347 179
106 227
417 391
260 361
260 499
361 499
489 468
3 123
3 11
123 11
67 397
306 44
306 44
49 45
37 259
200 321
57 303
314 62
464 198
135 444
32 0
354 379
459 387
67 397
51 40
464 198
270 176
146 236
187 130
187 35
130 35
326 473
326 210
473 210
146 236
355 127
63 289
146 236
102 3
102 74
3 74
473 210
372 20
44 97
63 0
182 9
134 63
354 379
372 451
248 381
248 70
381 70
295 474
63 0
495 321
132 224
67 397
67 397
67 93
397 93
67 397
372 451
355 127
57 303
417 465
63 289
187 35
355 127
187 35
62 314
232 25
270 16
354 379
272 251
216 21
312 110
98 400
342 340
25 150
199 44
372 241
372 451
241 451
414 355
414 127
355 127
446 1
67 397
32 359
32 0
359 0
226 44
96 244
19 56
187 35
482 474
414 355
414 127
355 127
32 417
32 0
417 0
312 110
128 408
220 422
123 3
123 11
3 11
63 0
355 127
187 35
143 321
182 9
216 21
187 35
221 16
1 446
182 9
417 0
146 236
49 45
307 305
441 471
448 0
32 359
32 0
359 0
132 224
67 397
49 45
1 446
22 214
417 146
417 465
417 0
146 465
146 0
465 0
187 35
326 473
326 210
473 210
67 397
417 391
62 314
98 336
57 35
355 127
49 45
238 98
334 90
306 44
41 50
187 35
439 416
57 35
57 9
35 9
32 0
482 474
270 365
289 63
45 49
187 130
187 35
130 35
473 210
289 63
219 220
314 62
314 244
314 9
62 244
62 9
244 9
187 35
446 1
49 45
220 0
417 0
182 62
182 9
182 96
62 9
62 96
9 96
307 334
62 314
62 244
62 9
314 244
314 9
244 9
57 0
1 446
216 21
63 334
417 0
150 25
18 321
146 182
146 236
182 236
187 35
216 21
408 89
381 248
439 416
382 443
77 0
132 224
134 21
115 24
259 214
11 357
266 492
216 21
94 428
73 132
163 0
355 127
306 44
102 19
266 492
187 35
67 397
372 451
289 63
314 62
67 397
314 62
314 9
62 9
32 216
32 417
32 21
32 0
216 417
216 21
216 0
417 21
417 0
21 0
446 1
182 9
182 57
9 57
402 54
204 38
204 134
38 134
216 21
216 21
182 9
182 57
9 57
439 416
342 340
216 21
448 0
187 35
110 312
187 174
67 397
187 35
187 174
35 174
314 62
314 96
62 96
74 16
67 397
67 397
77 0
36 148
312 110
261 413
261 428
413 428
355 127
1 446
182 146
96 244
313 17
180 271
438 476
322 23
322 465
23 465
184 102
32 0
307 334
220 422
291 126
38 134
309 38
309 427
38 427
234 433
54 76
264 234
250 297
353 324
384 72
46 241
46 16
241 16
264 234
325 385
46 154
12 313
270 304
142 133
324 353
361 97
89 97
200 5
71 10
143 321
154 46
241 379
201 43
241 16
484 339
484 275
50 484
142 40
142 82
254 41
50 7
50 5
7 5
233 242
233 242
233 242
233 242
233 242
233 242
382 443
288 317
304 324
347 179
264 40
264 46
40 46
269 188
154 46
55 91
169 264
101 50
222 101
264 438
489 465
72 145
18 165
361 260
67 397
44 97
261 287
239 41
243 51
246 42
421 95
309 427
309 174
427 174
280 88
307 1
417 146
417 465
417 0
146 465
146 0
465 0
355 127
1 244
38 134
438 116
438 138
116 138
475 85
34 165
405 16
309 427
372 20
99 267
400 43
241 8
269 20
269 20
391 87
297 212
208 158
353 324
248 70
286 43
381 70
276 268
36 163
187 174
187 35
187 174
35 174
208 158
197 93
346 282
196 162
264 159
264 20
159 20
71 167
46 154
122 133
324 353
313 12
108 150
237 15
109 273
140 105
276 4
108 100
87 273
208 158
107 158
107 158
199 11
413 261
413 164
261 164
171 376
208 158
403 478
99 152
194 423
97 462
12 410
104 74
227 257
464 198
464 198
177 143
177 321
143 321
158 208
207 86
248 381
135 294
135 444
294 444
439 443
484 275
346 282
173 300
173 122
300 122
463 121
288 317
183 124
446 110
148 231
159 126
33 182
33 35
182 35
96 1
9 236
9 146
236 146
57 35
57 9
35 9
307 1
289 63
182 9
182 57
9 57
163 0
447 415
69 124
142 391
229 183
229 41
183 41
24 23
165 250
17 181
305 2
43 16
241 145
290 222
27 403
27 403
278 313
23 129
190 359
41 495
160 212
22 454
22 51
454 51
86 215
391 89
34 313
14 368
310 47
230 411
23 133
14 203
158 208
23 246
279 428
129 13
310 47
310 349
47 349
107 5
141 203
177 140
460 151
80 86
3 123
3 11
123 11
302 499
302 44
499 44
408 260
261 164
408 89
223 494
145 72
234 46
125 348
125 72
348 72
410 12
181 74
331 70
324 72
280 88
382 443
280 88
349 119
147 274
117 430
117 93
430 93
261 413
69 479
209 391
108 411
19 199
337 388
391 273
208 158
179 191
158 208
248 60
247 164
131 11
350 113
131 11
133 404
73 225
14 368
123 3
123 11
3 11
67 397
133 23
413 247
413 164
247 164
497 47
67 397
7 10
273 420
237 420
324 353
276 268
38 309
38 196
309 196
72 282
217 467
150 54
250 78
67 397
44 468
44 43
489 97
489 11
97 11
97 306
261 247
44 378
97 462
97 89
462 89
19 131
3 74
489 11
203 141
67 397
489 423
489 423
199 194
19 97
3 279
97 462
97 89
462 89
123 3
123 11
3 11
489 423
489 11
423 11
413 261
413 164
413 141
261 164
261 141
164 141
97 499
454 131
326 473
326 210
473 210
482 34
115 180
352 431
111 298
10 416
309 427
63 38
146 236
143 321
439 63
439 416
63 416
32 0
