86 385
86 361
385 361
307 305
180 271
32 417
32 465
417 465
146 236
146 2
236 2
159 126
159 193
126 193
309 193
309 193
451 180
416 439
416 365
439 365
146 236
338 193
137 138
146 236
124 365
124 2
365 2
204 103
214 2
352 431
136 8
416 365
416 2
365 2
355 359
414 355
414 127
355 127
431 2
482 206
407 103
307 1
439 416
201 43
136 389
63 289
62 314
62 57
62 244
314 57
314 244
57 244
250 78
88 359
417 465
142 103
45 49
233 242
233 242
23 7
240 112
346 282
322 23
322 465
23 465
111 259
101 403
104 338
23 39
346 20
169 26
3 306
234 8
46 250
179 191
179 46
191 46
489 423
489 11
423 11
162 33
63 0
264 234
264 46
234 46
200 83
274 498
30 337
86 23
313 113
151 18
42 331
414 26
256 424
228 399
66 150
46 250
208 158
51 414
3 491
211 212
106 227
101 95
55 81
5 189
417 188
248 29
444 248
346 282
381 248
248 381
248 70
381 70
248 381
364 438
15 399
297 26
415 447
232 26
160 463
42 99
102 217
151 4
24 378
378 24
324 353
165 433
353 324
215 221
280 122
280 88
122 88
280 88
286 106
286 106
268 215
381 70
248 60
264 234
264 20
234 20
223 16
354 379
379 275
62 314
212 379
354 379
297 194
381 70
353 324
61 3
61 435
3 435
435 61
489 123
123 3
123 11
3 11
78 61
280 88
209 490
117 430
117 93
430 93
280 88
124 73
313 12
348 149
350 186
204 38
346 145
38 134
405 206
57 0
38 134
63 9
259 188
38 134
298 180
182 57
182 9
57 9
36 148
64 372
244 21
182 146
182 11
146 11
137 214
146 236
416 365
216 152
187 23
312 110
446 1
35 1
182 9
187 35
417 298
417 465
298 465
375 117
355 127
451 396
216 21
365 2
270 9
96 244
289 137
451 180
146 236
482 180
307 334
182 146
136 9
451 372
62 314
62 314
62 244
314 244
187 35
182 9
187 35
23 451
63 38
187 35
497 47
314 62
250 78
250 227
78 227
24 16
85 16
88 371
228 25
454 131
106 227
106 286
227 286
381 248
125 22
208 158
462 97
413 226
347 179
270 16
125 16
497 47
497 47
131 11
280 88
268 407
313 113
413 261
313 12
59 121
133 3
61 3
61 435
3 435
306 44
275 58
299 339
273 34
66 186
264 20
16 2
182 9
182 146
9 146
270 60
146 182
146 236
182 236
396 53
270 241
57 35
57 0
35 0
394 352
394 16
352 16
32 216
32 417
32 21
32 0
216 417
216 21
216 0
417 21
417 0
21 0
96 244
20 46
20 269
46 269
46 346
347 191
234 264
96 244
63 188
8 259
465 269
465 186
269 186
127 118
446 1
57 35
57 9
35 9
63 159
63 234
159 234
270 365
63 159
63 234
159 234
46 179
136 8
63 159
63 234
159 234
159 188
241 270
270 365
57 35
57 0
35 0
231 305
264 234
96 244
163 180
289 188
20 46
20 269
46 269
394 352
394 16
352 16
38 309
38 134
309 134
439 416
43 286
248 60
248 381
248 70
381 70
128 55
486 339
152 99
152 378
99 378
51 100
353 324
266 73
73 108
102 173
87 51
333 2
352 431
264 234
264 154
234 154
372 9
8 234
416 2
0 2
247 11
247 164
11 164
417 0
264 234
352 16
346 282
270 241
264 234
171 376
32 0
347 179
97 462
97 89
462 89
306 97
361 260
250 4
248 381
248 70
381 70
179 346
179 46
179 282
346 46
346 282
46 282
347 191
79 8
59 19
207 108
7 192
112 83
179 384
25 70
215 228
353 324
78 480
311 201
79 391
147 281
402 105
151 19
310 47
94 53
93 24
93 338
24 338
34 85
418 30
91 80
407 334
324 353
71 167
183 124
151 183
22 418
22 279
418 279
280 88
106 142
407 103
248 70
248 70
381 70
375 201
381 70
70 381
375 201
475 414
8 234
321 495
453 276
129 13
18 321
177 321
409 217
297 212
93 261
309 427
212 297
486 344
424 256
153 101
53 74
104 278
211 487
438 294
23 58
62 314
62 244
314 244
378 295
435 61
338 61
435 61
435 61
351 393
83 498
83 5
498 5
28 363
435 61
12 313
19 183
26 237
265 9
177 399
203 124
150 65
104 13
149 142
24 327
368 14
202 14
85 87
356 464
32 359
38 134
309 38
309 427
38 427
195 20
309 207
309 38
309 427
207 38
207 427
38 427
409 223
223 409
38 196
27 109
182 9
83 34
407 334
56 311
56 354
311 354
133 142
230 405
17 351
310 47
157 274
146 236
182 146
126 0
160 1
270 365
171 376
6 184
268 257
39 199
40 418
178 441
446 1
77 0
464 198
417 465
417 0
465 0
289 126
247 128
396 19
179 46
451 396
396 312
94 79
17 99
497 47
45 49
368 14
78 120
97 3
279 428
128 11
3 11
399 133
306 44
65 141
5 335
165 189
3 11
279 133
454 131
3 306
306 11
306 44
302 298
113 139
69 50
69 122
50 122
355 359
62 314
62 9
314 9
264 234
269 63
271 145
417 465
159 234
159 241
234 241
96 62
96 244
62 244
15 53
97 123
418 333
50 250
179 46
179 347
65 141
185 90
368 255
115 66
417 263
417 465
263 465
346 282
280 88
280 88
346 282
227 257
248 381
280 88
304 268
8 234
248 381
248 381
335 391
335 68
391 68
98 400
158 117
326 210
107 158
181 226
181 177
226 177
337 79
215 399
176 197
101 71
264 169
264 234
264 20
169 234
169 20
234 20
280 88
381 248
381 70
248 70
257 334
106 227
106 286
227 286
201 43
346 46
280 88
70 286
379 354
354 379
280 88
381 70
43 286
484 379
381 70
381 248
70 248
17 330
324 353
454 319
279 361
306 44
361 59
177 287
208 158
179 346
179 46
346 46
324 353
353 324
74 16
497 47
157 186
16 125
169 196
92 452
40 41
64 489
6 406
280 122
280 88
122 88
69 10
179 346
179 282
346 282
289 63
145 282
381 248
250 282
250 78
250 16
78 16
346 234
346 282
234 282
140 205
415 420
186 386
124 78
363 74
102 177
99 164
332 279
14 412
489 423
147 14
147 368
14 368
462 97
497 47
279 133
181 277
61 435
25 115
306 3
131 454
164 413
459 202
459 14
202 14
350 113
247 128
497 47
438 104
497 47
87 65
61 3
61 435
3 435
85 123
85 11
85 3
123 11
123 3
11 3
462 89
480 13
462 97
320 10
375 117
365 2
62 314
62 244
62 9
314 244
314 9
244 9
314 62
314 244
314 9
62 244
62 9
244 9
167 145
417 166
0 2
136 8
305 214
305 2
214 2
322 2
3 11
3 452
489 97
489 11
97 11
306 468
489 423
233 242
233 242
233 242
45 49
233 242
233 242
233 242
183 124
269 465
286 136
286 269
286 8
136 269
136 8
269 8
439 416
436 132
436 118
132 118
270 16
159 126
163 0
379 227
38 134
62 9
355 127
37 259
137 138
182 57
182 9
57 9
9 265
9 265
309 427
417 0
409 376
188 206
159 126
436 132
436 118
132 118
148 36
436 132
436 118
132 118
234 159
439 416
389 8
417 0
464 198
152 99
152 378
99 378
19 239
152 206
32 359
428 261
34 313
152 99
71 237
182 146
182 9
146 9
16 2
417 32
417 166
417 0
32 166
32 0
166 0
439 416
439 352
416 352
446 1
270 241
214 137
136 8
395 80
96 244
416 2
62 314
62 244
62 9
314 244
314 9
244 9
171 96
407 103
241 270
322 2
434 298
417 166
417 0
166 0
278 78
278 73
78 73
150 28
34 329
211 81
23 135
53 78
53 200
78 200
10 438
184 364
276 487
160 81
27 42
27 480
42 480
324 353
353 324
98 336
463 10
435 61
61 435
61 209
434 101
61 435
490 92
61 435
215 27
4 157
492 105
99 367
99 218
367 218
295 214
163 267
38 134
264 154
264 234
154 234
167 347
309 427
266 246
337 147
122 95
101 254
406 214
167 282
0 9
387 459
459 387
110 312
84 170
208 158
112 83
278 186
459 364
201 8
399 4
140 92
306 332
306 332
306 44
306 100
306 468
44 100
44 468
100 468
165 433
347 179
180 271
431 36
414 475
105 231
322 231
131 11
489 468
226 44
306 44
306 97
44 97
489 423
489 468
306 97
7 100
238 98
226 413
226 260
226 261
413 260
413 261
260 261
182 9
182 146
9 146
63 0
132 224
67 397
73 132
204 38
166 417
473 210
377 110
182 146
182 9
146 9
258 398
226 44
187 130
356 464
67 397
57 0
326 473
326 210
473 210
50 24
187 130
187 75
130 75
226 44
62 9
153 58
102 67
104 278
464 198
216 188
67 397
216 21
128 408
32 0
134 193
44 149
413 226
261 413
134 193
77 0
146 236
226 413
374 0
62 9
0 224
226 181
361 260
187 130
187 23
130 23
226 413
439 416
132 417
439 416
63 0
62 314
62 9
314 9
75 132
41 387
439 416
32 0
216 21
18 50
21 216
21 110
216 110
439 416
439 416
439 352
416 352
32 126
11 2
63 188
150 428
216 21
226 11
94 25
439 416
413 261
132 224
466 216
466 21
216 21
148 36
270 16
436 132
436 118
132 118
226 44
199 44
309 427
182 146
182 11
146 11
199 44
116 475
182 9
416 439
446 1
306 44
321 495
132 75
439 416
134 21
134 2
21 2
187 130
187 23
130 23
439 356
439 416
356 416
446 1
64 50
439 416
439 216
416 216
148 219
115 24
216 21
314 62
314 244
314 9
62 244
62 9
244 9
126 21
42 86
455 15
455 128
15 128
187 130
216 21
57 170
355 127
32 0
146 236
146 236
146 231
236 231
446 1
377 110
35 1
63 259
309 427
38 138
495 321
140 205
128 408
314 62
416 365
226 261
45 49
75 118
289 375
9 174
181 226
181 177
226 177
75 118
456 60
110 312
441 428
187 130
414 355
414 127
355 127
226 44
439 36
226 44
93 261
417 0
148 75
67 397
142 108
439 416
67 397
77 0
414 355
414 127
355 127
67 397
67 397
372 451
134 63
182 57
182 9
57 9
377 483
62 314
216 21
439 416
19 58
473 210
25 363
187 130
57 35
356 464
148 36
226 181
57 148
75 118
146 236
148 127
446 1
439 416
293 103
298 38
67 397
57 251
134 193
134 37
193 37
187 35
326 210
416 439
416 365
416 2
439 365
439 2
365 2
158 43
67 397
321 495
257 227
64 372
67 397
355 127
32 0
67 397
92 199
439 187
439 416
187 416
413 261
171 96
446 1
146 236
99 367
439 416
289 126
185 90
322 465
446 1
57 9
44 89
439 416
289 0
63 0
413 164
413 226
413 261
164 226
164 261
226 261
140 205
439 63
439 416
63 416
49 45
187 35
216 21
414 214
248 381
62 314
140 205
187 130
187 75
130 75
126 439
73 132
73 120
132 120
126 289
446 1
216 21
21 216
21 110
216 110
57 303
289 188
216 21
270 9
182 9
439 63
439 416
63 416
226 44
446 1
372 451
187 130
187 130
99 367
182 57
182 9
57 9
216 21
186 80
456 371
326 473
326 210
473 210
473 210
464 356
49 45
372 451
187 130
187 23
130 23
226 44
62 314
62 244
62 9
314 244
314 9
244 9
67 397
439 416
439 365
439 2
416 365
416 2
365 2
226 68
226 413
226 261
68 413
68 261
413 261
32 0
136 8
146 236
176 48
187 130
57 35
417 0
417 166
417 0
166 0
473 210
446 1
439 63
439 416
63 416
132 75
132 224
75 224
248 381
57 0
414 355
414 127
355 127
38 134
182 9
182 57
9 57
32 21
32 0
21 0
63 38
473 210
289 126
36 305
36 134
305 134
439 416
32 126
62 314
62 244
62 9
314 244
314 9
244 9
0 333
181 226
222 149
439 416
248 381
270 16
38 134
57 0
473 210
216 21
214 2
109 480
309 427
38 134
38 309
309 427
38 134
53 396
347 167
347 179
167 179
145 16
73 385
179 46
7 4
167 60
264 46
215 245
17 120
273 122
5 273
71 281
60 70
399 5
109 273
109 5
273 5
107 5
313 12
179 46
270 16
234 269
475 8
179 46
179 154
46 154
270 365
124 264
124 234
124 46
264 234
264 46
234 46
372 46
405 16
352 16
177 321
484 50
276 39
280 88
497 47
162 218
162 186
218 186
45 49
233 242
45 49
479 335
186 34
167 282
195 20
327 79
34 109
167 179
234 20
169 264
169 234
264 234
167 268
167 188
268 188
495 42
234 269
234 337
204 432
264 234
69 202
67 397
226 44
226 181
386 59
430 399
33 165
27 51
439 416
439 365
416 365
309 427
152 206
134 193
146 236
146 236
65 141
280 88
35 1
94 428
298 180
146 236
146 231
236 231
298 206
87 452
187 35
270 16
136 193
309 427
314 62
314 9
62 9
264 46
314 62
489 468
489 11
468 11
241 270
241 8
270 8
269 20
158 407
425 20
136 8
179 191
417 188
324 353
280 88
43 243
88 70
179 346
179 46
346 46
381 248
381 70
248 70
381 248
381 70
248 70
248 60
441 471
43 268
434 74
393 176
407 343
117 162
208 158
117 162
208 158
486 339
486 285
101 100
64 17
56 222
56 27
222 27
207 6
68 5
381 248
381 70
248 70
159 0
448 0
44 329
347 191
9 174
158 43
158 208
158 208
12 313
415 129
292 175
93 22
81 459
254 5
106 227
106 286
227 286
200 9
392 157
17 464
212 196
443 439
439 416
55 206
213 268
349 119
364 343
68 441
454 121
181 300
463 467
150 18
118 98
309 427
309 174
427 174
132 75
150 9
10 102
10 443
102 443
171 376
75 118
438 116
438 138
116 138
96 271
146 236
220 0
289 126
126 289
159 0
115 180
236 2
372 451
231 474
187 35
77 435
96 244
280 88
195 16
276 378
410 265
263 402
291 15
33 425
171 7
102 162
111 150
94 482
56 122
448 0
0 224
234 17
459 25
6 211
294 121
125 257
179 384
181 74
59 40
59 51
59 28
40 51
40 28
51 28
200 89
175 325
125 204
125 16
204 16
53 12
14 133
411 230
325 175
142 133
14 203
139 113
113 139
14 368
310 47
310 349
47 349
7 85
115 142
86 47
47 310
47 83
310 83
243 203
274 13
497 47
381 248
124 230
332 42
23 129
41 392
264 46
322 465
179 46
59 295
239 391
69 479
438 209
18 165
498 200
179 346
34 66
335 280
335 88
280 88
497 47
204 455
497 47
343 26
50 81
108 411
438 104
430 51
107 158
264 234
264 154
234 154
234 264
208 158
413 261
413 164
261 164
247 128
112 83
274 13
277 133
428 413
497 47
123 3
123 11
3 11
123 3
123 11
3 11
310 47
176 11
13 349
141 274
302 3
279 428
3 123
3 11
123 11
497 47
131 11
131 11
277 133
211 73
252 86
204 86
204 171
204 86
171 86
204 86
263 453
263 50
453 50
273 420
304 324
386 343
463 109
77 0
158 157
280 88
429 41
67 397
131 287
429 19
11 3
462 97
67 397
123 3
123 11
3 11
97 44
3 306
194 423
272 251
418 306
418 97
306 97
3 123
3 11
123 11
194 89
123 3
123 11
3 11
306 97
435 61
123 97
226 68
226 413
226 261
68 413
68 261
413 261
19 97
437 260
55 223
7 6
22 344
18 115
439 416
197 430
75 132
439 416
64 146
182 9
416 439
446 1
214 322
216 21
352 431
439 63
439 416
63 416
32 417
32 0
417 0
352 431
146 236
115 180
159 21
417 465
146 64
309 38
309 427
38 427
309 427
