169 178
169 186
178 186
294 6
385 168
111 56
32 359
372 2
446 1
182 146
32 188
439 63
439 416
63 416
439 416
182 9
116 355
9 265
270 365
270 9
365 9
352 431
1 446
266 193
159 126
322 149
62 314
62 244
62 9
314 244
314 9
244 9
270 365
136 71
136 8
71 8
378 333
265 9
309 427
132 224
57 265
182 9
137 103
489 357
439 416
439 116
416 116
417 11
182 62
182 9
62 9
241 8
57 62
57 265
62 265
416 365
416 2
365 2
62 244
214 322
439 416
62 314
136 8
32 359
392 214
309 427
298 101
305 322
305 214
322 214
298 38
32 136
32 359
136 359
32 126
201 257
146 236
146 236
237 309
237 134
309 134
309 427
322 214
73 132
136 8
62 9
446 1
443 9
446 36
355 127
314 62
214 322
378 333
216 21
497 142
112 284
112 284
215 39
215 95
39 95
29 347
346 282
179 46
346 282
167 347
154 46
373 356
282 46
167 347
346 282
295 465
295 186
465 186
177 81
200 71
149 100
87 169
266 7
73 87
391 33
78 230
390 232
141 55
165 66
165 363
335 486
85 211
337 328
425 169
25 23
276 176
425 168
112 284
364 263
306 97
50 306
50 226
306 226
143 321
492 222
87 62
46 179
46 264
179 264
276 85
128 115
363 487
153 105
34 222
309 427
208 158
179 347
24 420
435 61
202 419
171 92
92 171
71 491
348 56
61 419
222 128
61 435
71 343
17 204
66 33
135 6
135 87
6 87
495 498
27 91
27 91
115 338
65 100
74 39
17 383
201 189
456 60
30 56
383 22
263 373
204 26
215 108
435 61
492 162
211 99
425 390
61 435
435 61
179 117
179 347
117 347
167 282
26 176
280 88
17 268
29 167
94 10
268 444
57 9
57 265
9 265
39 400
446 1
182 9
270 365
354 379
57 62
57 9
57 265
62 9
62 265
9 265
115 212
275 484
415 178
435 61
178 415
94 328
446 1
178 415
4 25
347 167
409 376
101 418
101 453
418 453
198 464
198 404
464 404
199 462
199 89
462 89
415 56
276 6
402 58
490 105
490 78
105 78
209 490
18 399
180 96
180 9
96 9
40 206
314 62
57 35
298 394
446 1
216 171
216 21
171 21
193 9
57 35
57 265
35 265
134 36
241 166
314 62
355 127
137 216
451 28
322 146
305 214
305 322
214 322
166 417
182 146
187 130
187 75
130 75
466 9
182 9
216 21
333 0
446 1
409 376
365 2
163 357
110 312
231 9
355 127
159 0
136 111
136 8
111 8
416 365
416 2
365 2
130 36
136 8
32 359
35 303
9 8
352 431
216 241
439 116
159 0
134 193
159 0
216 21
396 312
182 146
298 38
314 62
489 2
38 289
216 21
309 38
309 427
38 427
443 2
116 138
57 265
57 0
265 0
446 1
62 182
62 9
182 9
187 130
187 75
130 75
298 38
57 35
182 146
136 307
136 8
307 8
159 0
116 466
8 193
57 35
71 10
248 88
248 70
88 70
270 176
81 386
46 191
46 179
46 264
191 179
191 264
179 264
28 243
101 122
347 191
188 16
88 371
406 149
69 157
280 88
462 97
17 268
14 368
31 12
15 86
459 313
261 247
261 164
247 164
435 3
7 16
31 52
280 88
229 25
129 203
42 146
164 413
67 397
67 397
123 302
435 3
97 89
294 12
28 44
361 260
19 58
96 9
8 269
264 46
264 20
407 29
62 9
96 244
372 333
234 8
234 201
234 269
8 201
8 269
201 269
241 270
179 46
167 35
264 20
372 211
62 314
62 9
314 9
136 8
293 371
243 35
182 9
167 35
20 154
20 264
154 264
182 146
182 137
146 137
8 269
163 417
264 20
264 154
20 154
20 154
20 264
154 264
62 244
62 118
244 118
115 485
32 472
32 0
472 0
159 234
179 191
187 75
187 130
75 130
20 154
20 264
154 264
241 8
35 9
35 8
9 8
179 16
179 46
16 46
219 35
248 88
248 70
88 70
268 43
229 169
26 101
87 390
498 495
355 127
140 434
191 117
191 347
117 347
55 29
55 347
29 347
126 193
394 159
87 404
313 124
96 244
241 270
241 396
270 396
32 359
32 0
359 0
28 465
266 492
416 365
416 2
365 2
264 234
432 372
432 451
372 451
237 472
75 163
75 20
163 20
281 7
236 138
347 191
347 55
191 55
208 158
153 212
407 29
365 2
355 127
145 232
79 304
264 234
365 2
314 62
314 96
62 96
191 34
191 145
34 145
181 284
234 15
394 267
35 1
332 239
332 198
239 198
434 140
365 2
264 41
38 134
241 212
94 232
247 164
136 307
136 193
136 8
307 193
307 8
193 8
29 179
171 322
264 234
25 32
221 1
443 2
195 167
355 127
137 54
355 396
309 427
392 111
417 465
81 145
81 34
145 34
241 28
193 32
193 126
32 126
167 29
17 234
309 427
355 127
179 16
355 127
62 136
62 9
136 9
103 354
167 179
167 16
179 16
346 16
83 282
53 72
347 167
280 88
248 70
167 29
167 347
29 347
381 435
70 248
70 248
232 291
196 252
309 471
18 485
23 350
81 177
327 321
112 284
6 18
269 96
250 282
264 234
250 371
349 351
349 47
179 46
195 20
407 16
227 88
264 234
326 473
326 210
473 210
473 210
456 60
227 106
101 217
78 29
40 15
40 225
15 225
10 169
10 453
169 453
83 459
320 140
186 115
246 430
266 171
183 5
183 409
280 88
109 42
124 29
74 201
248 381
248 70
381 70
41 162
41 162
6 296
495 243
407 29
407 16
29 16
129 13
218 308
10 328
347 179
347 29
179 29
13 119
192 50
30 81
79 19
281 153
23 363
6 338
392 214
383 181
78 230
223 122
147 432
328 28
200 78
200 53
78 53
467 104
79 23
104 26
106 399
270 299
270 429
299 429
385 22
74 223
270 385
270 434
385 434
335 276
159 193
159 126
193 126
35 163
381 70
490 152
399 133
435 61
435 61
435 61
464 198
61 435
399 279
435 61
435 61
415 239
490 78
490 152
435 61
313 12
175 292
473 210
473 210
53 99
91 228
17 330
14 368
243 274
243 318
274 318
274 13
23 129
218 129
327 47
47 196
225 129
59 273
10 361
497 142
351 91
309 427
304 191
187 130
187 23
130 23
63 0
350 113
28 475
347 179
347 191
179 191
150 6
66 494
494 125
168 139
102 23
33 230
414 482
159 220
106 257
126 193
414 214
309 427
409 376
352 431
307 138
309 427
298 38
32 359
32 126
359 126
38 134
38 134
394 0
63 259
270 16
400 379
106 286
201 257
201 257
354 379
65 186
429 100
259 359
309 138
159 0
153 38
194 89
446 1
132 75
182 9
194 89
309 427
394 259
135 405
418 185
11 268
132 120
327 495
24 94
42 349
42 13
349 13
274 141
255 251
415 120
65 141
14 368
368 14
65 47
7 119
274 13
255 368
274 113
306 11
247 164
454 11
277 133
277 133
435 61
435 3
61 3
14 368
349 13
47 497
194 423
65 141
141 274
97 462
368 14
199 44
368 14
133 279
274 141
435 61
435 3
61 3
368 14
497 47
64 200
393 28
19 58
393 28
22 215
280 88
352 28
352 465
28 465
414 355
414 127
355 127
347 191
81 177
213 44
213 408
44 408
67 397
67 397
386 190
85 291
434 313
324 353
18 399
402 225
207 168
7 25
393 117
395 78
88 371
23 142
185 368
494 55
14 368
383 274
393 399
467 112
399 18
145 8
473 210
326 210
208 158
208 158
160 88
198 404
238 401
187 130
101 85
53 72
100 16
347 29
347 179
29 179
395 204
395 78
204 78
160 173
186 160
381 70
354 379
280 88
201 43
201 70
43 70
23 157
227 22
435 29
280 88
171 257
475 60
280 88
407 29
324 353
284 176
11 164
462 260
67 397
194 89
123 11
462 97
229 6
338 250
158 208
167 29
407 29
381 70
326 473
326 210
473 210
353 324
117 158
280 88
158 268
383 392
476 468
230 349
14 368
14 47
368 47
310 47
120 70
119 13
411 464
280 88
411 491
204 125
14 368
494 113
119 13
455 197
310 349
310 47
349 47
230 349
294 392
209 281
205 345
205 345
467 477
495 415
346 282
241 475
16 154
38 28
264 46
179 191
179 46
179 384
191 46
191 384
46 384
264 234
239 16
475 414
46 179
46 264
179 264
346 16
346 282
16 282
88 70
248 381
347 191
347 179
191 179
159 134
346 282
264 154
166 289
16 88
16 70
88 70
248 70
248 381
70 381
248 381
102 3
94 211
64 108
40 41
40 81
41 81
64 28
64 489
64 56
28 489
28 56
489 56
40 81
5 297
162 366
6 13
274 13
150 85
150 452
85 452
310 47
310 47
150 5
308 10
462 97
313 12
168 139
418 200
113 18
344 157
302 11
142 497
373 247
395 78
435 61
435 3
61 3
47 13
446 1
20 167
216 188
188 246
394 333
314 62
314 9
62 9
314 62
314 9
62 9
306 44
3 11
3 11
3 123
11 123
468 11
489 44
306 468
45 49
233 242
233 242
233 242
233 242
233 242
39 50
216 231
163 372
414 482
414 214
482 214
137 152
159 0
439 38
136 8
298 38
298 137
38 137
251 293
251 57
293 57
57 35
57 265
35 265
15 10
182 9
134 36
134 231
36 231
146 236
126 359
182 146
182 137
146 137
57 35
57 303
35 303
163 180
309 439
309 146
309 126
309 187
439 146
439 126
439 187
146 126
146 187
126 187
137 69
439 416
293 0
182 9
466 16
309 21
309 138
21 138
32 126
32 21
32 231
126 21
126 231
21 231
9 2
298 193
251 293
251 57
293 57
126 9
126 2
9 2
259 214
259 322
214 322
357 214
62 314
62 9
314 9
309 138
309 427
138 427
443 9
405 417
8 0
309 439
309 146
309 126
309 187
439 146
439 126
439 187
146 126
146 187
126 187
372 432
289 216
180 432
394 0
162 10
17 245
451 372
13 119
13 349
119 349
405 425
302 11
403 138
403 106
138 106
309 427
451 372
487 476
62 244
62 9
244 9
188 75
137 216
137 21
216 21
57 148
372 20
357 214
182 9
489 269
182 146
182 9
146 9
264 46
179 191
8 214
83 101
271 394
9 2
192 88
23 135
117 353
353 117
399 55
273 420
122 280
122 88
280 88
241 475
160 29
160 381
29 381
15 212
238 401
498 399
393 196
61 435
61 435
435 61
338 61
419 61
66 22
381 232
435 61
115 67
152 490
18 321
353 324
309 427
309 38
309 427
38 427
22 85
232 245
91 79
263 173
208 158
229 10
211 223
34 268
110 312
229 311
211 56
30 420
306 11
306 58
11 58
476 149
229 468
435 3
275 484
306 332
480 11
306 332
441 205
441 471
205 471
322 62
180 271
180 20
271 20
372 145
271 346
11 428
11 164
194 423
97 499
415 462
415 97
462 97
435 3
306 279
306 468
216 231
57 0
62 136
62 9
136 9
355 127
67 397
110 224
417 11
478 32
187 130
434 138
223 209
67 397
298 38
57 35
373 67
373 247
67 247
57 265
62 314
62 9
314 9
159 193
159 126
193 126
181 213
89 97
326 473
326 210
473 210
69 225
151 79
57 251
187 396
187 38
396 38
182 146
159 0
78 240
417 465
216 372
216 32
216 21
372 32
372 21
32 21
132 224
295 411
295 408
411 408
57 35
57 265
35 265
74 28
439 38
148 36
32 359
32 193
359 193
355 127
298 38
298 137
38 137
488 161
96 244
226 44
159 0
75 118
148 36
57 35
7 161
103 137
62 314
439 32
439 472
32 472
355 127
89 97
216 21
216 21
159 0
204 211
28 465
181 213
132 224
314 62
57 251
216 21
134 38
134 36
38 36
352 431
69 225
373 67
373 247
67 247
439 38
153 38
32 439
32 21
32 0
439 21
439 0
21 0
407 87
67 397
132 224
224 0
6 127
7 161
132 374
473 210
146 9
146 236
9 236
414 214
134 36
134 231
36 231
66 299
226 413
226 261
413 261
148 36
216 38
459 372
146 236
187 130
159 130
298 38
190 53
473 210
403 106
355 127
20 269
178 44
473 210
62 314
62 244
314 244
182 146
182 137
146 137
439 216
439 21
216 21
187 130
216 231
372 211
302 11
146 236
131 247
49 45
57 35
57 303
35 303
231 9
326 473
326 210
473 210
6 39
62 314
62 0
314 0
439 416
439 36
416 36
159 0
51 44
149 44
4 213
337 89
62 314
62 9
314 9
187 130
473 210
218 408
62 314
62 343
314 343
473 210
413 261
11 302
67 345
176 48
373 67
373 378
67 378
51 480
146 236
67 397
134 305
414 214
50 81
155 161
62 314
134 193
298 38
35 303
35 265
303 265
314 62
314 96
62 96
199 44
187 130
259 37
298 38
298 357
38 357
57 0
182 146
182 9
146 9
220 90
57 35
62 314
62 9
314 9
439 416
464 198
62 314
62 9
314 9
261 164
132 224
298 38
293 0
459 372
28 222
28 38
222 38
459 372
459 322
372 322
45 49
456 60
228 215
342 340
7 221
293 371
216 21
132 483
132 224
483 224
67 397
32 126
137 103
182 9
198 464
230 90
270 9
407 87
85 408
298 38
6 127
38 134
218 408
309 427
56 44
181 213
181 226
213 226
374 0
391 290
216 231
7 221
32 126
32 21
32 231
126 21
126 231
21 231
476 468
159 0
10 15
306 97
439 116
83 7
83 138
7 138
112 215
62 9
63 259
435 61
439 216
439 21
216 21
62 244
62 9
244 9
216 439
216 21
439 21
446 1
216 21
83 138
261 164
413 164
298 38
99 367
99 228
367 228
138 2
298 487
473 210
213 499
374 0
159 0
182 146
365 2
472 152
209 223
357 37
23 364
67 397
205 441
216 21
171 483
62 314
62 9
314 9
187 130
312 36
67 397
99 367
99 228
367 228
68 146
68 236
146 236
372 322
57 35
226 44
226 290
44 290
209 223
182 146
163 414
163 214
414 214
146 236
67 397
56 44
146 236
63 259
159 0
140 320
89 97
187 130
55 83
49 45
187 130
187 63
130 63
62 244
62 314
244 314
136 8
64 128
60 43
60 70
43 70
0 224
38 298
132 75
473 210
216 231
226 413
182 9
182 137
182 0
9 137
9 0
137 0
45 49
363 176
413 261
64 408
62 314
62 9
314 9
309 138
309 427
138 427
309 427
96 303
38 289
83 138
150 200
258 398
84 185
54 23
260 61
314 62
226 413
226 261
413 261
226 413
226 287
413 287
57 35
67 345
480 287
146 236
480 287
221 1
187 130
182 146
182 137
146 137
57 265
57 0
265 0
439 216
439 231
216 231
62 314
32 126
79 408
30 39
8 0
57 35
93 50
78 61
309 439
309 146
309 126
309 187
439 146
439 126
439 187
146 126
146 187
126 187
394 0
314 62
314 9
62 9
209 223
441 205
441 471
205 471
314 62
314 9
62 9
194 462
309 427
439 416
337 178
159 193
159 126
193 126
357 146
357 236
146 236
294 164
294 413
294 287
164 413
164 287
413 287
298 38
298 137
38 137
110 224
355 127
314 62
213 499
75 118
62 244
62 9
244 9
455 128
57 35
193 32
193 0
32 0
198 464
243 109
289 216
193 32
193 126
32 126
49 45
181 408
181 213
408 213
224 0
75 118
491 135
326 473
326 210
473 210
464 198
62 314
67 397
216 21
32 359
32 126
32 21
32 0
359 126
359 21
359 0
126 21
126 0
21 0
218 408
216 21
439 416
439 2
416 2
209 223
216 21
126 21
187 130
187 75
130 75
309 174
146 182
146 236
182 236
295 408
309 427
314 62
314 357
314 9
62 357
62 9
357 9
187 130
187 63
130 63
7 161
159 0
159 394
394 0
86 17
62 314
189 345
105 104
32 359
472 99
378 333
409 376
4 107
416 365
38 134
34 309
34 427
309 427
42 267
309 427
309 427
264 46
264 20
195 20
106 286
88 371
34 286
34 268
286 268
268 29
223 232
32 160
27 107
215 68
122 189
381 29
29 381
353 324
169 140
364 59
364 157
59 157
23 162
108 458
276 28
361 260
257 227
280 88
373 7
264 234
195 444
15 142
15 434
142 434
417 8
248 177
53 79
147 393
318 273
414 363
233 242
233 242
49 45
50 250
233 242
233 242
239 40
304 191
19 498
241 8
40 237
59 7
169 243
395 125
414 363
392 378
254 299
68 364
67 397
67 93
397 93
306 44
261 287
226 44
226 413
226 261
413 261
67 397
67 397
199 44
226 44
261 287
151 386
95 212
95 64
212 64
162 25
288 317
237 472
35 1
333 348
187 130
146 236
305 2
41 387
159 0
464 198
446 1
71 152
363 176
32 37
98 336
163 148
309 174
333 0
401 114
153 140
195 16
87 201
62 314
62 9
314 9
201 8
227 201
271 96
182 146
182 32
182 0
146 32
146 0
32 0
237 463
237 206
463 206
304 145
280 88
324 353
216 21
248 60
241 270
157 29
280 88
280 88
29 347
117 353
475 88
70 29
70 381
29 381
165 433
353 324
232 25
232 381
25 381
248 381
248 70
381 70
381 248
381 70
248 70
136 167
136 268
136 60
167 268
167 60
268 60
381 248
381 70
248 70
160 381
102 19
84 253
84 0
253 0
261 413
102 23
42 200
153 19
31 12
212 429
218 367
319 18
25 107
107 51
158 286
117 158
158 208
239 6
171 483
347 179
347 29
179 29
268 286
201 70
187 130
33 308
18 30
168 139
79 277
390 42
393 147
149 146
4 10
246 115
158 43
158 208
208 158
347 29
273 95
300 93
455 105
402 40
159 193
6 284
177 147
7 246
7 15
246 15
307 1
443 9
193 126
32 146
32 182
146 182
159 0
216 21
359 2
38 134
266 193
132 374
377 37
38 298
38 204
134 305
62 314
62 244
62 9
314 244
314 9
244 9
116 307
322 387
357 214
309 427
289 225
38 298
159 0
153 38
32 417
32 0
417 0
62 314
62 244
314 244
489 193
116 355
36 75
159 0
180 271
180 20
271 20
216 32
216 21
32 21
216 231
146 236
148 36
298 38
216 231
32 193
298 357
75 196
159 0
305 0
492 116
280 88
280 88
168 54
168 147
54 147
7 25
112 56
393 337
54 395
273 79
105 125
430 30
4 125
125 4
125 16
4 16
171 100
112 177
438 66
87 356
229 198
28 393
23 22
24 420
480 80
140 17
165 55
171 87
86 390
7 478
186 160
54 395
23 254
125 16
32 193
32 2
193 2
454 435
454 11
435 11
300 337
147 393
10 328
27 192
455 105
395 78
264 124
202 171
23 19
23 99
19 99
78 449
147 41
368 14
59 7
418 162
47 310
486 6
320 10
459 10
364 438
252 105
67 397
464 198
413 261
177 26
107 338
390 215
378 160
107 299
22 71
31 52
52 410
381 435
381 29
435 29
53 105
225 101
91 115
237 26
462 89
108 198
47 349
47 310
349 310
497 47
13 119
50 81
23 71
263 71
168 108
85 139
162 215
487 18
276 6
212 432
248 381
3 123
3 11
123 11
378 164
47 13
462 97
302 11
310 47
13 274
277 133
11 332
203 14
3 11
194 329
65 141
274 141
247 164
204 173
273 420
173 204
453 196
94 95
173 204
420 217
112 15
395 78
456 60
101 26
257 227
208 158
446 1
38 134
473 210
264 154
111 91
291 153
24 69
24 26
69 26
263 306
263 97
306 97
454 133
462 97
194 329
123 302
454 302
198 229
413 261
454 302
454 11
302 11
194 329
413 164
413 226
413 261
164 226
164 261
226 261
306 44
435 61
435 3
61 3
302 11
447 291
319 89
92 140
279 306
302 345
11 3
473 210
55 223
182 146
159 0
32 439
32 21
32 0
439 21
439 0
21 0
396 53
216 38
32 478
32 216
478 216
134 305
35 303
35 265
303 265
451 126
93 80
159 305
216 309
182 146
1 446
57 35
446 1
409 376
484 275
452 87
382 443
