176 112
365 2
405 416
270 9
146 236
146 236
136 8
270 9
394 1
126 439
216 21
32 359
193 451
32 231
417 32
250 371
159 231
439 416
136 71
451 180
32 359
32 0
359 0
416 439
416 365
416 2
439 365
439 2
365 2
439 63
439 416
63 416
10 343
10 363
10 214
343 363
343 214
363 214
96 244
439 187
439 416
187 416
136 8
214 2
214 2
38 402
38 134
38 309
402 134
402 309
134 309
132 224
62 314
62 244
314 244
348 357
32 359
32 126
359 126
439 416
439 365
439 2
416 365
416 2
365 2
396 53
359 355
263 417
451 372
451 305
372 305
96 244
359 88
334 257
416 439
416 365
439 365
434 138
309 427
289 134
159 126
438 138
137 214
451 396
62 314
62 244
62 57
62 9
314 244
314 57
314 9
244 57
244 9
57 9
270 241
270 365
241 365
216 21
237 309
237 193
309 193
396 19
9 265
266 492
87 62
9 8
9 2
8 2
132 224
271 96
309 427
352 431
38 36
266 63
136 9
19 443
270 365
62 314
62 9
314 9
259 212
64 399
355 127
352 431
136 8
165 180
49 45
49 45
49 45
407 387
263 232
294 413
10 107
206 76
270 365
475 16
90 230
47 497
418 15
349 310
264 234
91 18
284 304
280 88
489 453
280 88
140 190
480 218
306 468
239 52
46 179
46 264
179 264
489 121
95 460
10 41
154 46
158 208
24 42
54 258
150 142
150 197
53 7
266 112
39 204
39 30
204 30
266 190
364 438
254 177
28 373
467 105
73 88
125 16
264 234
78 61
463 160
78 490
19 5
361 157
361 157
361 157
218 100
218 189
100 189
122 189
482 5
218 189
70 60
435 61
162 229
51 34
447 207
438 402
447 291
225 74
430 228
147 26
28 41
24 50
276 249
280 88
280 88
208 407
280 122
280 88
122 88
124 29
280 88
270 365
250 371
54 354
54 379
354 379
96 303
66 142
33 122
385 361
131 272
67 397
499 44
499 44
150 464
209 490
209 105
490 105
468 3
33 308
78 61
207 23
435 61
105 17
133 310
407 246
138 403
403 373
313 12
218 17
65 246
65 246
386 492
386 228
492 228
216 21
446 1
32 0
365 2
289 126
57 35
57 303
148 36
32 126
414 214
150 9
136 71
136 8
71 8
309 166
32 0
163 180
187 130
187 35
130 35
32 126
466 216
466 21
216 21
32 359
159 126
130 0
146 236
182 146
63 259
216 21
116 138
21 126
414 355
414 127
355 127
171 96
30 394
377 110
32 21
414 214
180 271
180 20
271 20
312 110
9 303
159 126
187 130
377 483
163 9
134 193
134 37
193 37
9 63
259 305
259 214
259 2
305 214
305 2
214 2
333 0
187 130
355 127
32 21
32 0
21 0
372 87
182 146
182 9
146 9
130 0
309 427
298 101
152 206
216 21
182 9
377 483
216 21
289 375
62 182
62 9
182 9
446 1
314 62
386 88
171 105
7 88
346 271
159 234
167 179
349 47
125 16
68 215
24 139
122 423
139 225
125 16
101 392
229 12
462 97
11 4
181 277
479 131
11 4
107 5
318 390
169 120
5 192
261 413
226 413
226 164
413 164
373 247
199 44
56 94
325 292
75 118
264 20
264 154
20 154
63 16
110 35
270 241
270 365
241 365
270 176
179 191
179 46
191 46
480 269
148 75
136 71
136 8
71 8
136 71
136 8
71 8
62 314
62 9
314 9
187 130
122 197
88 51
280 88
56 111
338 6
338 6
42 104
351 112
306 11
409 16
395 78
355 127
306 11
32 359
298 38
64 17
289 137
446 1
352 431
234 17
32 439
32 0
439 0
50 250
352 431
78 250
352 431
234 8
234 46
8 46
171 269
416 365
363 2
365 2
280 88
234 17
389 1
400 8
352 431
159 234
271 352
204 485
204 200
61 226
276 378
105 176
489 423
306 468
489 97
489 423
97 423
206 9
245 103
489 409
163 38
55 332
22 215
165 189
179 347
167 117
167 347
117 347
280 88
70 248
248 70
313 95
34 91
405 223
393 147
101 331
385 363
150 28
93 321
81 393
81 177
393 177
53 86
63 269
264 234
193 8
346 282
349 47
257 227
473 210
69 17
55 173
55 196
173 196
384 423
386 409
25 479
25 71
479 71
386 409
73 221
192 51
406 485
243 232
197 89
273 34
438 104
225 402
141 16
140 42
248 381
248 70
381 70
104 279
215 486
309 427
79 429
338 153
160 333
23 363
452 87
93 261
86 356
153 153
157 169
299 420
464 356
310 47
167 29
348 27
56 276
149 6
149 6
159 126
159 193
126 193
447 291
399 133
435 61
490 152
67 397
435 61
78 61
91 281
495 415
435 61
435 415
435 61
391 196
61 435
326 473
326 210
473 210
473 210
41 151
293 251
50 391
434 399
429 217
197 122
80 121
150 65
13 429
18 113
497 47
66 129
196 33
195 20
33 327
81 55
204 395
124 29
187 35
187 35
195 20
309 427
94 427
486 335
486 344
335 344
63 0
63 269
57 0
9 265
269 251
4 169
182 146
0 163
66 139
14 203
399 26
132 75
32 0
352 431
478 396
378 333
159 193
110 312
275 379
39 400
434 270
257 360
476 105
354 379
38 309
38 289
309 289
32 0
413 261
430 417
430 465
417 465
146 236
32 359
21 22
309 427
77 0
126 159
63 0
87 62
73 132
73 120
132 120
67 397
270 365
53 109
91 91
91 53
91 53
215 27
124 230
249 90
334 185
65 141
139 225
203 14
486 27
185 90
200 89
194 423
226 181
131 11
454 11
113 313
65 47
277 133
5 189
226 413
306 11
319 254
261 164
131 11
306 11
489 11
368 14
11 164
3 499
153 58
299 107
299 339
107 339
38 134
132 417
38 134
264 234
106 257
359 159
105 206
307 1
352 431
180 271
307 334
355 127
87 25
432 59
200 418
85 291
452 38
248 381
90 230
65 141
65 141
318 274
65 47
65 141
248 381
286 465
286 269
465 269
248 381
248 70
381 70
415 28
286 227
416 365
158 208
246 16
246 400
16 400
215 405
381 248
354 379
19 88
407 117
158 268
444 70
80 184
32 0
37 21
134 193
159 126
18 94
158 208
95 94
302 131
309 427
353 117
168 124
80 88
280 88
201 70
280 88
400 43
275 379
43 79
201 70
280 88
280 88
280 70
88 70
280 88
194 423
390 318
241 270
468 11
194 131
194 306
131 306
448 0
324 353
353 324
125 16
125 246
16 246
452 128
204 125
361 123
125 204
92 184
54 215
222 33
392 453
479 252
280 88
234 46
346 282
381 248
234 8
415 420
434 405
33 222
378 284
64 489
263 6
38 366
212 56
39 366
86 318
107 5
107 18
5 18
61 435
23 27
80 113
39 423
492 228
492 386
228 386
327 142
435 61
141 413
160 65
123 226
69 11
169 386
13 350
435 61
28 384
51 42
435 3
199 28
24 139
429 453
80 184
462 97
133 3
386 409
297 194
294 141
294 413
141 413
464 198
181 277
123 302
261 413
495 498
353 70
212 192
142 226
497 47
147 308
79 277
147 485
459 202
308 99
361 485
181 277
116 59
482 59
318 390
232 69
352 431
134 21
134 2
21 2
337 379
417 11
352 431
451 396
451 359
396 359
264 159
264 20
264 126
159 20
159 126
20 126
314 62
314 244
314 9
62 244
62 9
244 9
259 305
259 214
259 2
305 214
305 2
214 2
136 8
62 9
314 62
314 244
314 9
62 244
62 9
244 9
57 9
363 3
363 11
3 11
199 44
326 473
326 210
473 210
326 473
326 210
473 210
233 242
233 242
233 242
49 45
233 242
233 242
49 45
233 242
355 127
126 9
126 2
9 2
57 265
148 36
62 314
32 0
214 357
489 357
212 16
212 257
16 257
417 32
417 465
417 0
32 465
32 0
465 0
439 36
372 451
432 180
314 62
136 8
163 180
9 2
289 0
417 465
126 9
126 2
9 2
137 216
334 103
110 312
9 265
57 35
57 303
35 303
357 214
414 355
414 127
355 127
270 9
23 37
298 38
236 2
65 246
143 321
22 435
22 344
451 138
451 23
138 23
372 451
347 179
451 138
451 23
138 23
342 340
62 314
62 244
62 9
314 244
314 9
244 9
182 146
182 9
146 9
372 451
234 46
357 244
180 20
180 271
20 271
180 163
179 191
372 451
180 20
216 188
62 9
57 35
62 244
62 9
244 9
182 9
384 16
264 20
264 46
20 46
55 482
212 393
403 78
99 151
106 10
428 330
80 487
495 399
64 105
33 222
239 465
384 286
498 3
498 5
3 5
196 176
392 239
92 490
92 490
399 5
467 168
455 83
455 128
83 128
72 282
72 145
282 145
26 92
32 126
75 118
21 216
21 110
216 110
110 312
417 0
219 220
420 94
415 420
420 415
462 332
50 484
11 306
306 3
306 332
3 332
279 133
280 88
280 88
176 17
327 64
441 471
352 431
146 236
146 236
391 417
64 427
194 89
417 0
213 283
194 89
306 44
226 181
226 44
181 44
44 306
194 423
489 468
67 397
454 319
216 32
216 21
32 21
32 417
32 0
417 0
101 100
159 220
446 1
446 1
57 35
57 0
35 0
9 57
352 431
306 44
96 244
446 1
352 431
90 230
357 214
57 62
439 416
67 397
32 68
187 23
216 21
216 21
49 45
66 312
464 198
97 462
146 236
166 110
352 431
448 0
57 35
226 413
226 261
413 261
57 303
49 45
137 216
137 21
216 21
38 204
67 397
32 231
148 36
199 332
57 35
67 397
67 93
397 93
49 45
187 130
417 32
414 214
38 134
35 303
439 116
247 11
247 164
11 164
322 214
455 83
455 128
83 128
219 35
67 397
446 1
110 35
392 214
417 0
446 1
116 355
489 193
473 210
446 36
216 21
417 11
35 1
213 283
32 359
32 0
359 0
146 236
107 149
352 431
132 75
146 236
176 48
75 196
57 35
187 130
216 21
216 21
40 24
372 451
146 32
146 236
32 236
441 471
32 439
32 0
439 0
32 0
136 331
4 26
134 38
464 24
464 198
24 198
57 35
57 303
35 303
446 1
152 214
73 361
146 236
168 385
168 107
385 107
182 62
182 9
62 9
216 21
286 465
286 269
465 269
226 44
216 231
294 6
130 0
35 303
372 333
67 397
417 32
417 465
417 0
32 465
32 0
465 0
97 408
459 213
413 261
322 103
372 432
470 398
226 68
226 413
68 413
90 220
459 372
459 188
372 188
377 37
146 236
206 38
182 146
32 0
63 259
372 451
24 449
67 397
102 17
66 312
63 4
130 36
182 146
473 210
146 236
67 397
0 224
63 259
306 11
314 62
314 244
314 9
62 244
62 9
244 9
439 416
62 244
182 9
132 224
57 35
439 416
413 164
216 171
216 21
171 21
146 236
176 48
32 21
89 97
146 236
425 50
96 244
109 111
385 168
130 36
414 214
446 1
35 1
326 210
182 146
146 236
0 224
136 8
443 2
35 1
439 38
182 146
96 244
25 73
414 214
446 36
306 97
326 473
326 210
473 210
146 236
49 45
90 220
0 224
392 214
298 38
322 214
213 283
231 216
231 32
216 32
57 303
109 107
130 36
182 9
67 397
57 35
57 265
35 265
439 416
439 365
416 365
417 465
7 441
216 21
7 161
146 236
163 372
67 397
30 408
187 130
146 236
394 333
57 35
137 152
67 397
355 127
146 32
146 236
32 236
67 397
57 303
57 0
49 45
134 193
187 23
489 2
67 397
298 38
459 213
137 216
488 161
63 259
67 397
306 332
326 473
326 210
473 210
62 314
62 244
62 9
314 244
314 9
244 9
451 372
163 148
408 97
132 75
132 224
98 336
372 166
67 397
187 130
62 314
62 244
62 9
314 244
314 9
244 9
56 44
446 36
38 309
38 138
309 138
216 32
216 21
32 21
176 48
473 210
148 36
357 414
357 214
414 214
473 210
126 159
57 35
57 303
35 303
470 398
439 63
439 416
63 416
90 220
57 35
134 36
401 114
132 224
417 465
57 0
305 1
63 259
49 45
146 236
67 397
216 21
182 146
182 32
182 0
146 32
146 0
32 0
182 9
187 289
134 193
413 226
413 261
413 287
226 261
226 287
261 287
326 473
326 210
473 210
132 374
62 9
264 234
25 363
309 21
309 138
21 138
439 416
187 130
187 75
130 75
132 75
49 45
140 283
187 35
372 451
159 21
75 196
36 75
413 164
226 177
327 226
57 35
67 397
176 48
36 75
23 37
446 1
226 213
62 9
134 305
67 397
263 128
389 1
187 130
441 471
137 216
187 75
187 130
75 130
30 307
75 118
236 2
48 176
45 49
49 45
363 2
446 1
417 0
248 381
248 70
381 70
425 196
159 193
309 427
159 193
159 20
93 289
95 309
95 427
309 427
309 38
309 427
38 427
182 146
347 167
271 352
414 355
414 127
355 127
299 222
167 29
264 234
264 46
234 46
265 62
265 9
62 9
147 304
280 88
122 124
50 284
324 353
157 453
42 5
5 482
107 5
324 353
217 5
101 138
343 26
15 455
60 70
227 157
400 60
306 468
10 71
80 64
80 17
64 17
33 308
12 313
309 427
8 400
46 154
167 475
372 46
46 154
391 273
70 381
70 248
70 191
381 248
381 191
248 191
476 82
237 15
414 363
459 4
49 45
233 242
233 242
49 45
233 242
233 242
233 242
49 45
288 317
288 317
453 151
145 191
69 232
33 327
264 46
40 328
79 328
430 94
7 9
69 202
287 44
199 44
67 397
302 406
302 3
406 3
94 10
446 1
38 134
32 126
1 446
464 198
132 224
417 0
92 152
309 174
309 427
174 427
490 152
134 63
365 2
32 126
347 179
328 68
352 16
328 68
234 269
201 267
404 378
270 241
270 365
241 365
167 20
75 118
269 20
11 2
62 314
62 244
62 9
314 244
314 9
244 9
182 9
182 57
9 57
62 9
324 353
407 117
241 475
29 19
158 16
384 16
384 16
146 182
146 9
182 9
93 117
331 40
179 46
167 179
264 234
167 179
76 338
179 347
268 286
476 82
208 158
313 12
399 26
12 252
392 52
24 12
24 313
12 313
183 54
10 15
181 479
181 196
479 196
105 34
310 28
215 173
347 191
347 179
191 179
32 126
266 216
182 9
158 208
407 29
16 60
407 29
159 394
208 158
63 38
63 134
38 134
194 89
26 25
149 27
486 495
150 64
280 88
280 60
88 60
132 224
62 9
295 6
320 10
158 208
208 158
208 158
117 162
276 176
276 479
176 479
198 404
256 424
162 6
446 1
432 180
159 126
259 214
259 2
214 2
64 372
150 9
231 474
126 32
126 359
32 359
134 38
152 214
159 289
32 359
32 126
359 126
305 231
355 163
355 127
163 127
106 286
307 32
148 36
439 416
163 180
187 130
148 127
280 88
56 122
265 433
239 392
196 125
64 146
80 343
264 234
195 16
111 150
94 211
223 176
223 20
176 20
78 479
472 152
154 46
264 46
104 7
40 26
276 378
264 234
7 478
86 390
495 55
432 320
273 50
241 475
270 365
195 16
169 95
284 149
264 234
264 46
234 46
264 234
23 22
263 105
78 61
16 2
400 8
57 0
63 4
413 64
413 164
64 164
407 117
194 329
230 245
342 340
34 489
309 427
223 19
77 0
22 23
83 40
299 339
31 52
31 292
52 292
47 349
47 310
349 310
109 169
194 329
183 124
129 13
274 13
497 65
497 47
65 47
122 15
47 310
274 141
306 332
454 386
454 11
386 11
102 67
226 413
226 260
226 261
413 260
413 261
260 261
67 397
129 13
27 80
18 386
140 102
207 338
41 113
437 343
31 52
248 29
115 186
50 418
498 349
183 119
497 47
274 13
14 203
23 71
99 364
263 71
239 320
51 99
99 51
101 298
467 388
67 11
454 131
454 131
478 3
478 123
478 11
3 123
3 11
123 11
489 423
489 11
423 11
441 471
226 11
217 5
129 13
108 406
123 3
123 11
3 11
306 11
306 332
11 332
247 164
22 277
22 133
277 133
310 441
349 47
350 47
350 302
350 131
302 131
277 133
123 3
123 11
3 11
444 29
102 15
100 311
4 177
415 356
395 78
179 346
179 46
346 46
42 240
28 339
19 105
164 413
405 32
405 0
32 0
446 1
128 415
295 467
413 287
247 373
306 11
141 11
3 123
3 11
123 11
3 11
73 131
306 3
3 279
131 161
361 200
413 164
131 287
319 89
226 413
413 261
441 428
479 131
413 164
413 261
164 261
435 61
435 3
61 3
454 11
11 164
319 89
438 319
306 468
11 3
194 89
413 261
363 3
302 499
194 423
194 89
248 191
248 70
191 70
248 381
326 473
57 35
57 265
182 9
416 439
439 416
80 206
75 196
32 359
439 416
387 322
218 498
439 416
38 138
32 126
414 406
23 18
229 54
106 257
40 24
416 439
439 416
57 265
273 239
32 188
378 333
32 126
187 130
