125 16
237 10
112 318
135 236
443 2
365 2
352 431
231 236
182 9
417 465
417 188
465 188
305 451
269 63
63 259
32 359
322 465
182 35
365 2
294 428
417 465
270 416
270 365
416 365
263 214
159 130
416 365
307 334
365 2
334 463
34 372
34 39
372 39
132 224
49 45
45 49
49 45
233 242
34 215
310 47
313 12
39 7
207 334
207 103
334 103
27 162
65 141
141 203
106 406
43 243
126 21
264 234
264 46
234 46
153 69
44 468
361 260
44 468
44 468
468 44
306 44
306 468
44 468
102 3
179 72
106 406
125 72
125 384
72 384
378 295
435 61
461 61
209 61
461 61
87 50
149 391
264 46
28 207
208 282
434 141
108 411
85 128
473 210
454 121
46 154
381 70
234 354
248 60
43 201
96 62
57 35
57 303
35 303
96 62
379 354
462 97
44 97
460 58
465 147
5 482
44 468
306 123
306 149
123 149
462 97
129 368
489 468
489 332
468 332
53 418
128 176
313 321
310 350
38 134
216 21
126 21
298 267
1 307
21 126
62 96
62 244
96 244
62 244
159 0
216 21
466 293
372 451
396 312
37 259
62 244
62 96
244 96
182 9
196 137
314 293
216 21
159 0
466 116
291 312
57 303
9 0
136 193
132 224
159 0
163 110
86 70
145 234
379 343
230 284
275 125
478 247
203 14
269 125
269 43
125 43
202 14
123 3
123 11
3 11
247 164
261 164
39 5
261 164
261 164
123 3
123 11
3 11
149 260
432 89
2 312
9 182
96 244
312 110
1 352
36 104
57 35
96 62
343 18
343 16
18 16
417 188
346 282
497 47
88 70
71 30
63 32
149 151
353 324
250 22
306 468
128 198
112 27
346 282
125 72
207 28
241 28
146 234
146 465
234 465
351 228
351 367
228 367
400 371
381 250
43 237
99 164
142 78
6 108
430 371
56 115
274 13
310 47
17 99
403 194
74 66
7 51
33 124
99 17
342 326
462 97
3 11
3 123
11 123
122 273
413 164
230 14
407 103
347 167
347 167
180 22
125 16
361 123
384 72
72 179
154 46
51 480
407 334
407 103
334 103
407 103
399 279
294 22
318 112
23 129
23 41
129 41
93 318
310 47
343 173
414 475
10 443
270 416
17 22
311 14
310 47
424 256
424 256
23 22
66 53
56 492
61 3
318 458
461 61
438 11
152 147
61 435
318 458
65 141
129 368
326 210
255 251
227 157
212 16
492 3
85 10
124 424
101 218
7 121
310 47
203 14
202 14
310 47
14 203
203 14
181 413
104 27
7 289
274 13
28 74
352 431
53 23
53 430
23 430
9 182
350 319
269 251
62 314
62 96
314 96
334 269
269 20
407 103
66 139
383 181
137 214
63 259
201 8
489 465
146 236
18 343
379 354
379 354
449 251
270 416
270 365
416 365
32 0
32 0
177 322
132 224
211 120
300 337
14 203
65 141
274 141
449 35
39 74
14 368
14 230
399 133
141 203
11 199
199 11
131 11
11 279
16 12
110 35
465 417
264 234
62 314
241 8
359 167
353 324
274 119
411 230
65 141
191 145
434 168
476 53
125 72
326 382
326 473
326 210
473 210
326 382
122 81
226 257
272 253
169 99
125 72
381 41
328 74
153 227
486 108
294 22
115 237
334 463
267 375
43 257
88 70
379 354
379 24
354 24
379 354
379 354
390 379
276 268
88 286
10 64
81 363
14 203
159 234
306 468
261 164
44 260
261 287
131 3
131 11
3 11
268 16
326 210
475 19
475 414
19 414
353 324
497 47
43 227
43 201
227 201
404 27
109 53
91 196
476 6
51 104
363 487
70 381
93 318
13 135
13 135
494 30
203 14
278 51
160 200
203 141
269 188
158 208
465 417
34 149
128 239
40 18
93 273
308 99
13 119
324 353
274 13
435 61
435 3
61 3
308 99
464 198
97 462
47 86
497 47
99 157
497 47
489 97
284 69
478 247
62 314
67 397
233 242
233 242
45 49
233 242
45 49
45 49
233 242
233 242
360 474
230 14
38 134
62 314
62 96
314 96
439 416
182 9
439 416
439 416
407 103
286 136
286 241
286 8
136 241
136 8
241 8
138 451
220 219
9 0
16 343
265 9
138 137
21 75
267 375
374 0
334 371
451 182
439 416
134 152
0 57
75 132
75 118
132 118
451 372
220 422
231 35
182 9
126 130
126 21
130 21
123 367
53 109
130 359
26 7
318 428
138 42
338 197
346 282
96 244
46 20
193 451
193 307
451 307
96 244
314 62
314 9
62 9
8 241
34 211
51 454
51 207
454 207
135 28
135 74
28 74
40 81
80 200
28 135
211 81
160 81
150 15
237 284
92 232
92 239
232 239
6 115
241 475
241 16
241 72
475 16
475 72
16 72
173 99
435 61
435 61
435 61
217 402
33 176
33 10
176 10
497 47
309 427
18 254
136 112
43 463
18 50
19 101
393 176
374 0
312 110
220 0
0 224
374 0
132 0
115 259
0 224
36 148
110 224
224 0
420 171
420 273
420 28
171 273
171 28
273 28
275 58
30 147
458 345
260 196
260 460
196 460
104 173
347 179
347 167
179 167
236 146
241 8
67 397
22 279
22 361
279 361
223 149
194 423
176 286
149 260
238 98
306 44
306 97
44 97
306 489
306 468
489 468
241 188
306 44
107 361
260 44
38 134
289 63
322 214
400 27
1 244
193 451
110 312
409 376
67 397
216 21
193 0
67 397
67 397
37 259
250 22
132 224
67 397
374 0
45 49
250 282
32 0
326 473
326 210
473 210
36 75
413 261
413 164
261 164
414 214
3 123
3 11
123 11
193 451
193 307
451 307
132 224
187 35
146 236
45 49
110 312
250 4
132 224
115 148
67 397
110 312
473 210
67 397
250 78
250 16
78 16
187 35
3 279
110 312
216 21
182 9
132 224
102 19
0 9
187 35
390 318
67 397
132 224
387 459
110 312
67 397
231 35
182 9
187 35
22 63
22 259
63 259
84 170
132 224
216 21
45 49
75 132
75 118
132 118
216 21
216 21
446 1
57 35
216 21
67 397
132 75
32 0
309 38
309 427
38 427
466 116
326 473
305 451
182 35
57 303
67 15
67 397
15 397
187 35
84 170
446 1
148 231
63 289
159 63
159 130
63 130
473 210
193 0
49 45
250 46
298 206
390 318
216 21
148 36
67 397
309 427
216 21
146 236
62 314
413 261
413 164
261 164
67 397
67 397
1 446
261 164
110 312
187 35
354 379
259 214
132 224
314 62
309 38
309 427
38 427
216 21
250 297
185 90
200 321
45 49
269 63
67 397
147 122
57 9
57 0
57 251
9 0
9 251
0 251
146 236
187 35
297 250
187 35
67 397
67 397
473 210
289 63
57 35
305 451
132 224
231 35
63 334
356 439
148 231
269 20
67 397
261 287
261 164
287 164
1 446
67 397
187 35
14 203
66 139
259 214
179 72
46 241
208 158
46 241
125 16
324 353
16 43
16 70
43 70
381 33
154 250
142 82
410 12
162 218
80 177
233 242
233 242
233 242
382 443
276 213
72 324
391 125
167 268
167 188
268 188
264 234
50 101
117 93
234 269
337 245
264 234
264 46
234 46
212 211
234 433
343 225
173 232
423 440
67 397
471 441
351 211
246 299
246 81
299 81
446 1
73 225
134 174
65 141
259 37
187 174
32 0
466 116
439 416
132 224
5 482
465 417
354 379
8 241
8 20
8 236
241 20
241 236
20 236
241 43
241 8
43 8
343 215
475 280
158 208
381 248
248 60
381 248
381 70
248 70
0 35
0 35
122 133
381 191
176 150
19 343
53 19
5 482
263 22
94 83
26 80
71 83
272 432
359 167
322 465
9 236
9 146
236 146
99 164
133 142
31 266
313 12
107 158
105 351
213 55
39 351
399 181
399 181
479 4
439 416
326 473
326 210
473 210
391 33
176 150
288 317
151 453
335 91
127 355
451 372
182 87
182 269
182 267
87 269
87 267
269 267
87 391
87 391
73 25
138 106
289 63
137 214
118 98
146 236
75 132
132 224
187 35
38 134
214 2
443 102
146 236
309 38
309 427
38 427
55 39
118 98
352 431
365 2
293 21
405 212
146 236
394 126
259 214
50 472
365 2
148 36
43 243
250 433
46 154
149 281
164 413
17 24
492 87
324 353
230 185
453 86
200 91
140 78
7 4
14 368
141 203
277 133
274 13
67 397
310 47
13 119
67 397
264 159
241 8
346 16
241 8
125 384
234 16
234 154
16 154
100 16
372 241
204 66
23 22
33 53
78 403
69 135
140 56
104 59
112 343
381 250
381 191
381 70
324 353
43 463
473 210
326 473
326 210
473 210
497 47
86 7
215 83
459 285
107 278
135 388
391 273
264 234
264 20
234 20
241 8
14 368
428 279
113 313
113 494
313 494
254 18
14 368
123 3
123 11
3 11
123 3
123 11
3 11
274 13
310 274
261 164
3 123
3 11
123 11
3 452
14 368
102 3
47 491
247 261
268 201
306 489
306 468
489 468
80 86
463 124
164 413
86 318
147 465
250 78
250 125
250 269
78 125
78 269
125 269
414 475
44 97
261 247
261 429
261 164
247 429
247 164
429 164
261 287
261 247
261 164
247 164
44 306
44 97
306 97
51 194
298 213
207 194
247 164
489 306
489 11
489 332
306 11
306 332
11 332
306 489
261 164
194 329
67 397
97 462
97 89
462 89
67 397
324 353
353 324
324 353
489 465
259 214
146 236
106 257
7 111
154 46
159 193
187 174
451 396
309 38
309 427
38 427
146 236
187 35
21 231
63 259
275 58
484 58
102 273
326 473
326 210
473 210
