125 72
475 18
126 289
270 416
270 365
416 365
334 63
244 1
201 43
314 62
263 214
307 1
132 224
38 134
355 127
407 103
307 126
63 32
216 21
431 103
182 9
395 102
395 103
102 103
180 2
159 0
136 8
49 45
49 45
233 242
410 52
5 26
14 368
177 415
297 250
250 381
347 68
65 141
100 15
306 468
44 468
44 43
468 43
44 468
44 43
468 43
17 121
142 82
424 256
125 16
158 208
67 397
154 241
72 145
64 190
64 190
209 61
311 73
132 0
132 224
0 224
498 108
125 72
248 60
276 268
101 227
20 188
65 141
181 383
17 33
361 499
361 177
499 177
269 188
128 390
267 375
57 251
57 0
251 0
309 427
309 193
427 193
1 244
134 24
62 314
62 9
314 9
307 193
63 259
169 293
216 21
417 32
417 465
32 465
289 93
148 36
267 375
96 244
216 21
309 134
309 427
309 174
134 427
134 174
427 174
355 127
314 62
171 376
270 416
270 365
416 365
352 431
307 1
395 103
318 428
275 43
489 306
292 175
261 164
247 261
5 229
123 97
3 11
482 5
5 229
5 229
112 318
269 20
475 241
375 407
375 103
407 103
62 314
498 222
465 322
62 314
62 96
314 96
407 103
417 465
417 188
465 188
439 416
50 109
338 50
140 152
80 105
181 74
103 375
190 32
402 54
128 198
248 60
157 125
157 125
125 72
125 72
271 282
125 16
124 18
184 176
291 71
291 112
71 112
343 263
131 97
164 237
306 97
25 173
25 24
173 24
349 85
326 473
326 210
473 210
324 353
46 154
241 8
136 331
306 468
3 306
384 72
65 141
3 11
112 83
6 279
83 86
129 368
212 85
143 292
38 134
363 214
196 162
467 383
230 14
284 230
434 87
104 78
106 59
1 307
391 112
467 338
61 3
295 95
266 169
326 210
311 39
463 121
129 368
65 141
432 274
47 119
284 230
284 149
230 149
129 368
218 14
218 10
14 10
129 368
492 294
65 13
32 465
32 417
465 417
159 234
359 0
63 289
57 0
14 368
113 494
14 368
62 314
307 1
159 359
352 431
68 8
140 466
23 87
263 214
189 345
177 269
52 410
479 406
255 251
230 14
96 62
436 37
355 152
355 127
152 127
125 72
125 16
72 16
355 127
314 62
465 417
264 234
7 322
353 324
412 87
65 141
158 208
304 353
403 10
159 265
159 28
265 28
326 473
326 210
473 210
354 379
57 9
57 251
57 0
9 251
9 0
251 0
130 0
36 35
36 130
36 244
35 130
35 244
130 244
382 443
382 443
382 443
359 167
306 468
208 158
393 55
407 103
354 379
158 208
263 15
43 379
379 275
280 475
299 89
123 3
123 11
3 11
178 7
164 247
492 177
326 473
326 210
473 210
326 473
326 210
473 210
306 468
123 11
123 3
11 3
120 169
123 97
87 404
125 16
302 11
16 12
65 141
274 141
125 72
304 201
72 167
201 197
304 12
125 72
353 324
92 452
79 297
135 7
3 332
212 335
328 420
111 26
399 22
497 47
310 47
112 83
308 27
308 99
123 3
108 113
462 97
260 460
246 149
497 47
246 306
181 413
123 3
123 3
294 6
267 375
365 2
365 2
122 133
462 89
45 49
233 242
233 242
233 242
233 242
45 49
233 242
62 314
57 35
38 134
57 9
57 0
57 251
9 0
9 251
0 251
16 375
9 251
98 319
62 9
182 9
103 9
451 138
451 396
451 182
138 396
138 182
396 182
32 474
439 416
251 35
251 0
35 0
222 467
7 26
86 26
428 199
138 134
109 215
15 26
418 56
96 244
193 0
62 314
407 103
269 182
269 20
182 20
62 314
62 96
314 96
78 403
353 324
265 145
326 473
481 461
419 461
410 367
465 417
182 9
359 387
5 482
374 0
37 357
37 0
357 0
148 36
61 435
43 275
43 379
275 379
261 164
275 379
406 214
462 97
306 44
306 468
44 468
302 499
306 44
306 468
44 468
462 194
97 319
306 149
306 468
149 468
302 499
3 306
49 45
57 0
9 182
374 0
182 9
473 210
261 247
261 164
247 164
473 210
290 258
38 134
182 9
343 18
290 258
159 63
67 397
354 379
250 4
45 49
326 473
326 210
473 210
118 98
182 9
466 293
227 354
250 297
182 146
148 36
67 397
30 147
132 224
187 174
250 28
110 312
45 49
379 354
75 132
275 58
261 164
54 290
146 236
159 130
146 236
57 35
57 303
35 303
259 37
36 148
132 224
67 397
466 116
326 210
146 236
259 214
289 63
259 37
75 132
471 441
433 234
433 250
234 250
140 466
309 134
309 427
309 174
134 427
134 174
427 174
187 174
45 49
224 0
67 397
63 259
57 9
57 0
57 251
9 0
9 251
0 251
466 116
102 3
250 4
28 74
110 224
307 1
216 21
0 224
169 293
63 22
216 21
326 473
326 210
473 210
265 9
258 408
38 134
307 1
118 98
57 9
57 0
57 251
9 0
9 251
0 251
312 110
134 174
57 9
57 251
57 35
9 251
9 35
251 35
57 9
57 251
57 0
9 251
9 0
251 0
49 45
187 174
19 33
21 75
311 14
141 383
259 214
134 1
476 427
352 431
352 1
431 1
346 16
346 282
16 282
180 2
417 465
180 2
241 125
234 311
241 8
241 234
241 145
8 234
8 145
234 145
208 158
234 264
72 12
306 468
164 413
468 44
207 334
372 451
16 241
16 379
241 379
241 16
269 8
20 375
460 58
30 147
275 58
24 313
24 12
313 12
399 308
318 343
49 45
233 242
233 242
324 353
304 324
122 133
252 453
252 87
453 87
241 46
479 405
479 85
405 85
347 68
379 354
417 465
492 467
269 188
276 213
276 252
213 252
117 42
417 32
417 146
32 146
411 290
302 260
89 423
59 425
187 174
65 141
187 174
312 118
159 0
159 234
0 234
414 214
130 220
322 465
38 134
220 90
146 236
182 146
193 0
220 130
312 118
298 193
136 69
136 112
69 112
202 138
241 28
171 28
6 95
241 191
241 46
191 46
400 241
122 133
130 0
9 0
57 9
57 0
57 251
9 0
9 251
0 251
237 43
268 112
414 355
414 127
355 127
167 347
304 444
142 7
239 147
59 5
182 9
164 261
261 164
384 286
292 175
107 158
208 158
439 416
439 365
416 365
346 282
150 53
288 317
273 165
159 193
451 372
228 127
365 2
126 21
146 236
216 21
352 431
110 312
182 146
188 20
32 417
32 188
417 188
447 71
447 415
71 415
154 46
92 42
42 218
7 93
261 164
71 418
190 276
125 4
264 234
264 169
234 169
16 136
16 8
136 8
229 10
289 16
215 413
215 164
413 164
282 375
27 403
27 403
181 74
19 122
15 108
463 43
14 368
261 164
261 164
141 14
175 52
277 14
324 353
415 101
225 434
225 40
434 40
65 141
363 487
157 274
310 47
65 141
349 119
64 56
6 25
51 55
181 413
55 153
250 297
184 168
208 158
158 208
208 158
248 60
208 158
14 368
102 3
102 194
3 194
11 445
11 378
445 378
310 274
102 3
379 43
379 338
43 338
378 295
378 295
353 324
353 324
304 324
34 329
38 134
497 475
475 85
223 467
26 225
26 24
225 24
391 273
261 164
3 306
177 287
489 44
489 423
489 468
44 423
44 468
423 468
102 458
3 260
123 97
489 306
489 3
489 423
306 3
306 423
3 423
123 11
123 3
11 3
3 468
123 3
123 11
3 11
123 3
123 11
3 11
306 3
458 102
423 89
306 151
306 3
306 332
151 3
151 332
3 332
177 287
123 3
123 11
3 11
51 254
322 231
63 259
276 268
159 193
417 465
307 1
309 134
309 427
134 427
492 298
352 431
134 392
7 298
209 295
